Metadata recorded on file <unknown> with quasarscan version <unknown> on date <unknown> (before version 3.0.1)
a, center_x, center_y, center_z, L_x, L_y, L_z, bulk_velocity_x, bulk_velocity_y, bulk_velocity_z, Rvir, Mvir, Lmag, sfr, Mstar, Mgas, compaction_stage
0.12, 0.289138, -0.377181, 23.1563, 0.660886, -0.612781, -0.433278, 18.1884, -9.79078, 0.660886, 7.25, 6249010000.0, 19.2313, 0.0220521, 9665670.0, 695057000.0, pre
0.13, 0.641618, -0.337558, 10.1867, 0.47501, -0.878933, -0.0429336, -1.14944, 11.3947, 0.47501, 10.25, 13748400000.0, 22.6328, 0.147579, 19970800.0, 1328410000.0, pre
0.14, 0.0666925, 0.50515, 24.645, 0.54557, 0.79762, 0.257206, -13.4854, -15.8968, 0.54557, 12.25, 18048000000.0, 24.8504, 0.230897, 44697000.0, 2009590000.0, pre
0.15, -0.0430455, -0.0988848, -12.9788, -0.0509419, -0.78636, 0.615665, -11.5867, -47.2921, -0.0509419, 16.25, 35388500000.0, 57.2486, 0.277246, 107738000.0, 3493100000.0, pre
0.16, -0.0601123, 0.135917, -4.09807, -0.656449, -0.533029, 0.533811, 9.61013, -6.65951, -0.656449, 19.5, 49770300000.0, 22.2808, 3.77168, 402978000.0, 4406820000.0, pre
0.17, 0.24114, 0.121686, 8.96722, -0.692541, -0.513597, -0.506562, 38.2894, -24.3912, -0.692541, 22.0, 58627700000.0, 72.9612, 2.20872, 680573000.0, 4372310000.0, pre
0.18, 0.193638, -0.0725667, 3.29887, 0.541211, 0.840876, 0.00434259, -16.1722, 21.6879, 0.541211, 25.25, 76271700000.0, 28.403, 2.14889, 951124000.0, 6000570000.0, during
0.19, -0.0170991, 0.0908571, 2.54325, 0.891152, -0.132016, 0.434074, -20.7192, -15.0248, 0.891152, 27.25, 82173800000.0, 42.5931, 10.1087, 1846410000.0, 6482740000.0, during
0.2, -0.00851755, -0.0712981, 16.0307, 0.507248, -0.261719, 0.821099, 7.96568, 2.3843, 0.507248, 29.0, 85215600000.0, 46.472, 6.5021, 2656140000.0, 5884100000.0, during
0.21, -0.0173973, 0.00635719, 1.47731, 0.352676, -0.810314, 0.467986, 6.85438, -3.67458, 0.352676, 30.5, 85422100000.0, 29.2855, 6.74088, 3443570000.0, 5139890000.0, during
0.22, -0.0103744, -0.0242525, -2.1302, 0.0505249, -0.817694, 0.573431, 1.7852, -0.619848, 0.0505249, 32.25, 87717800000.0, 40.8245, 5.7866, 4256170000.0, 4858820000.0, during
0.23, 0.159228, 0.150133, -0.649454, 0.685661, -0.0703316, 0.724515, 3.34907, 6.23048, 0.685661, 41.75, 165764000000.0, 171.393, 3.0665, 4697610000.0, 11018800000.0, during
0.24, 0.270486, 0.245502, -41.0992, 0.506812, -0.0139077, 0.861944, -13.1402, 59.1225, 0.506812, 52.0, 264581000000.0, 275.302, 3.17017, 5149210000.0, 19118500000.0, during
0.25, 0.0254402, -0.0434304, -3.20422, -0.440517, 0.278753, 0.853371, -2.02138, 0.31063, -0.440517, 55.75, 302968000000.0, 88.1793, 11.2605, 6465520000.0, 19683800000.0, post
0.26, 0.260345, 0.135397, -19.372, -0.454047, -0.0121672, 0.890895, 17.3002, -16.6458, -0.454047, 59.75, 337023000000.0, 188.583, 18.1684, 12154600000.0, 19688300000.0, post
0.27, -0.156123, -0.00177034, 17.7474, -0.68631, 0.0952713, 0.721042, -0.0416616, -5.73816, -0.68631, 66.5, 421447000000.0, 231.745, 23.0743, 15240800000.0, 22967700000.0, post
0.28, -0.0761231, -0.154152, 4.2643, -0.582463, 0.393091, 0.711489, -0.309436, 5.21123, -0.582463, 71.75, 471987000000.0, 360.684, 10.1657, 17399900000.0, 24012000000.0, post
0.29, 0.790861, -0.634708, -29.4732, -0.440649, 0.723506, 0.531383, 14.672, -37.141, -0.440649, 78.25, 550868000000.0, 727.358, 9.3087, 18291600000.0, 28732600000.0, post
0.3, -0.0633686, -0.33209, 21.1925, -0.250134, 0.908815, 0.333898, 5.10099, -34.3568, -0.250134, 88.75, 730633000000.0, 650.07, 10.7718, 19801900000.0, 37058300000.0, post
0.31, -0.665043, 0.548635, 8.80808, 0.377449, 0.855941, 0.353408, 61.6236, -92.4122, 0.377449, 93.25, 775154000000.0, 557.556, 19.6036, 27650100000.0, 36461000000.0, post
0.32, -0.123005, 0.0472111, 39.0886, 0.134335, 0.656272, 0.742469, -3.64206, -3.4043, 0.134335, 97.25, 800956000000.0, 198.089, 42.7508, 31892700000.0, 30384200000.0, post
0.33, 0.0893271, -0.14992, 20.448, -0.0998235, 0.535453, 0.838645, 4.53318, -3.3183, -0.0998235, 101.25, 826774000000.0, 421.346, 29.1213, 48073300000.0, 27245500000.0, post
0.34, -0.142176, -0.0428202, 45.5906, -0.3158, 0.538851, 0.780967, 19.0694, 3.86877, -0.3158, 106.5, 877536000000.0, 761.243, 12.9813, 50086900000.0, 27702800000.0, post
0.35, 0.313045, -0.522685, 8.68418, -0.3983, 0.532529, 0.74684, 12.2508, 1.13202, -0.3983, 114.5, 1001650000000.0, 935.312, 7.09633, 51210500000.0, 34393800000.0, post
0.36, 0.143598, -0.0996213, 41.2481, -0.36688, 0.571944, 0.733675, 39.4363, -17.2843, -0.36688, 126.5, 1257050000000.0, 1063.57, 6.30036, 52438600000.0, 48280800000.0, post
0.37, 0.259643, -0.085934, 17.9733, -0.407969, 0.629172, 0.661592, 12.4078, -10.261, -0.407969, 133.25, 1350140000000.0, 874.189, 11.2492, 53493500000.0, 52261800000.0, post
0.38, 1.31249, -0.857277, 10.1636, -0.409336, 0.43161, 0.803839, -135.528, 32.6323, -0.409336, 139.0, 1429600000000.0, 689.796, 36.4377, 88209600000.0, 52503800000.0, post
0.39, 0.0670106, -0.109478, 6.89389, 0.756952, -0.497501, 0.423694, 22.4105, 13.3605, 0.756952, 143.75, 1457000000000.0, 241.29, 31.5263, 93870100000.0, 48068300000.0, post
