Metadata recorded on file /global/cfs/projectdirs/agora/paper_CGM/ThinTimeSteps/AREPO/Cal4/Thermal_PressureFloor/output_2e52_50_delay_3_grav/snap_098.hdf5 with agora_analysis version 1.0 on date 2023-09-13 15:19:06.800137
a, center_x, center_y, center_z, Rvir, L_x, L_y, L_z, bulk_velocity_x, bulk_velocity_y, bulk_velocity_z, unitary_conversion
0.1111111111111111, 0.4978442598152279, 0.5112112397208264, 0.5001815743459442, 11.06889050843365, -0.5257743325287145, -0.6141379907978309, 0.5885540582756934, -63.29414283009197, 93.17245017296837, 42.126109236672946, 0.00010550280023475642
0.11363636363636363, 0.4977036404270344, 0.5114430622343116, 0.5002626208318036, 12.6368135450235, 0.12249404047018304, 0.8801896146738895, -0.4585427485736951, -63.81425885259333, 94.52888107563182, 42.55820301494357, 0.0001031569188127418
0.11627906976744186, 0.4975187705158692, 0.5117432950390575, 0.500348658217165, 13.29208647232814, -0.5771105658278446, 0.46972758726996383, -0.6680564261852462, -63.54044225153441, 96.49884921429172, 42.31773784284248, 0.00010041061145606498
0.11904761904761904, 0.49735925246682333, 0.5120017727705829, 0.5004283536633506, 12.392057471072485, 0.01642318097428205, 0.25129784954199746, 0.9677704634582798, -62.644346192474586, 98.80242942146677, 41.474855442474606, 9.817795613825561e-05
0.12195121951219513, 0.4971363786043555, 0.5123130205223183, 0.5005667954934809, 12.979746187886928, -0.37735742086224683, -0.36350998231056314, 0.8517404943295622, -61.85676817402223, 101.23783803432381, 41.08865689785008, 9.556420180835519e-05
0.125, 0.4969495536593091, 0.5125974700047544, 0.5006946356358163, 14.917310301587591, 0.4055358551455859, 0.9010314130362738, -0.1538930242512451, -61.05114445300118, 101.97606015206365, 41.15915416198644, 9.343930763366936e-05
0.1282051282051282, 0.4967241525579219, 0.5129154411656917, 0.5008395942455512, 15.682792972140392, -0.7477295990121354, -0.40861774873829826, 0.5233851184139611, -60.54721119272186, 102.16723566558058, 40.39060613849891, 9.095170853793678e-05
0.13157894736842105, 0.4965456881642701, 0.5131701518807137, 0.5009689443734046, 14.740121285023033, -0.01634329222756842, 0.6966274418851947, -0.7172468919498042, -60.24541228816202, 103.37746601144762, 40.383628699273814, 8.89293743166187e-05
0.13513513513513511, 0.49634099770635737, 0.51349902672655, 0.5011088167161315, 15.49241843511624, 0.853726893311053, 0.3902451909205504, 0.3447594561441952, -58.93969416281449, 103.71863275121716, 40.18120029326917, 8.65618414577347e-05
0.1388888888888889, 0.49612467241266295, 0.5139256055826976, 0.5013046697851176, 17.757820130971993, 0.7941311550222614, 0.5788761958828341, -0.18508932563286234, -59.164645933116766, 104.39909064295274, 39.99881263456855, 8.387926412753111e-05
0.14285714285714285, 0.4959390713506152, 0.5143142440658806, 0.5014743603681802, 18.74274012206307, -0.7608461533680293, -0.594303786009388, -0.26060725400491214, -59.28602252408199, 104.19422000019799, 40.3349439649646, 8.164617842860438e-05
0.14705882352941177, 0.49578684891580904, 0.5146335503719074, 0.5016144711296727, 19.48887401072815, -0.5108567437324708, -0.6915491362778388, 0.5106713027931291, -60.1308721202317, 103.73875575514298, 40.33873200235978, 7.983075502061928e-05
0.15151515151515152, 0.4955600173018259, 0.5151591206997029, 0.5018210530431295, 20.72846968772075, -0.7876805994852608, -0.5345723248659479, -0.3062543104708172, -62.17263450083243, 102.45809350845528, 38.557054674926164, 7.70096654569247e-05
0.15625, 0.495330817394767, 0.5156325091069109, 0.5020033162424531, 21.789465744927927, -0.1320908534818181, -0.06416359999656616, -0.9891587531139405, -62.24895052124642, 101.99681282968685, 37.944191298036905, 7.462311291503849e-05
0.16129032258064516, 0.49511020056328436, 0.5160226098918587, 0.502166283416314, 22.977507353306834, 0.5324703170878042, -0.1733335639732033, -0.8285112171967018, -62.223958891859795, 98.83337757343641, 33.79594302047987, 7.263645020413767e-05
0.16666666666666666, 0.49484242449988475, 0.516437792330991, 0.5023491347152603, 24.81784295557233, -0.3119741096074643, -0.7918947639877647, -0.5249522242103487, -60.67516990103335, 97.97020266287568, 32.35530071305018, 7.038542490958892e-05
0.1724137931034483, 0.4945211472653922, 0.5170198361171625, 0.5025122290457967, 27.098153041259117, 0.6828426126272574, 0.37205115350095164, -0.6287319822937215, -58.025180169299425, 107.58473168339427, 37.13204275015183, 6.759344971235288e-05
0.17857142857142858, 0.494239908489005, 0.517430552178078, 0.5025985366390926, 30.475467076674818, 0.9179923464840786, 0.06444289665278168, -0.3913274394514834, -57.36821504457336, 123.56181430803069, 51.6325351872226, 6.549870850982022e-05
0.18518518518518517, 0.4940165577890056, 0.517823307358621, 0.5025231168361112, 33.05125663245258, 0.7439220164559404, -0.6253359501002195, 0.23565861525601678, -57.2420286250643, 129.8031640399247, 58.77518070247564, 6.318409025317464e-05
0.1923076923076923, 0.4939257997120772, 0.5186091038222255, 0.5025498197379042, 36.14143481662632, 0.7477574854337261, -0.25594476863253174, 0.6126589739712222, -58.95286289753721, 132.11733546177837, 64.12320908090678, 6.067777004450375e-05
0.2, 0.4934836759523856, 0.5194095868818167, 0.5031273176729371, 38.74799089294616, 0.8119208464059596, -0.4533793398378917, 0.36773864819948926, -59.531059473108634, 133.27084158443148, 64.40686483963928, 5.827086791660641e-05
0.2040816326530612, 0.4933098845665478, 0.519753815896184, 0.5033127279999721, 39.64604002512749, 0.8461872471004014, -0.3099259493295306, 0.433489387155941, -59.91485355304968, 134.05824893673312, 65.52311194798945, 5.723200842627995e-05
0.20833333333333334, 0.4931347103518669, 0.5200861557614196, 0.5034708473255909, 41.050515971877005, 0.7785120043202373, -0.3671516709304947, 0.5090370415423937, -60.1949912230755, 134.36393172786543, 66.7771067898954, 5.621166983806508e-05
0.2127659574468085, 0.49290323751923876, 0.5205256410201007, 0.5036988710334043, 42.028593389167725, 0.7593767233729546, -0.44897585867426165, 0.47092214890262346, -60.62037460245765, 135.42571588620066, 67.62664938018857, 5.496178915546596e-05
0.2173913043478261, 0.4927269347890654, 0.5208877832310875, 0.5038656688021057, 43.082961426072714, 0.7777894608532792, -0.4214305852178103, 0.4663044246289533, -60.78507471798287, 135.59921154869508, 68.1962108997795, 5.398192428797861e-05
0.2222222222222222, 0.49254109530825174, 0.5213599795444653, 0.5040612039794039, 44.18409920278072, 0.7476097883033613, -0.517815514078473, 0.4158686064283401, -60.34053166391517, 135.48760716809258, 67.2101537156021, 5.278162256110512e-05
0.22727272727272727, 0.4922823632633762, 0.5219325342637495, 0.5043329377943193, 45.60785093858967, 0.74381567511341, -0.5211109581794999, 0.4185470233090012, -60.2691456684667, 135.32829519286474, 67.41654148738724, 5.137643752838777e-05
0.23255813953488372, 0.4920472187817513, 0.5223951461427335, 0.5045601508783281, 46.94963932628961, 0.6930654636680108, -0.5520375695982955, 0.46358902577892425, -61.416939174819056, 135.07079636384182, 66.7493468333692, 5.023406945797674e-05
0.23809523809523808, 0.49187603410775516, 0.5227809553898933, 0.5047451956299218, 48.093171450618804, 0.7027426188366387, -0.5948732281069763, 0.3902289765665895, -62.15271638002243, 134.51284595348912, 66.24161605188789, 4.9338490901144124e-05
0.24390243902439027, 0.49158090346460187, 0.5233444501960691, 0.5050111914998685, 50.01071521782368, 0.6719624185765144, -0.5935730896626784, 0.4428741302549781, -63.090198580254174, 134.38818564050118, 65.49140465633532, 4.802497105110758e-05
0.25, 0.4913461086638339, 0.5238154385210325, 0.5052250690275654, 51.75558641781668, 0.609121172308022, -0.660195278275135, 0.4394469160084276, -64.66031368984873, 134.40448877905783, 65.45709358673564, 4.695712368467845e-05
0.25641025641025644, 0.49105580997433823, 0.5244065581148967, 0.5055036534083573, 53.28883927147417, 0.6159214273522302, -0.5996766417324001, 0.510909699153326, -65.40635859375227, 134.9325832686266, 65.36024042665404, 4.5707002066973764e-05
0.2631578947368421, 0.4907120101137499, 0.5251032177491821, 0.5058064929249451, 56.49482453283011, 0.5658609900614641, -0.6519123331277508, 0.5047887180222953, -65.69673246952819, 138.20122157262122, 66.72424462472047, 4.429052841632598e-05
0.27027027027027023, 0.49040527642398396, 0.5256926843062687, 0.5060421460332707, 59.048948695371195, 0.4985293766683533, -0.7093777088607636, 0.49824865957683934, -66.950842493782, 143.1160732130432, 69.78777713399656, 4.311139854873404e-05
0.2777777777777778, 0.49015272737244037, 0.5261883728153909, 0.5062260463747876, 61.90626407686447, 0.411345958232117, -0.6991702093723807, 0.5847696306856939, -69.18880339043608, 151.94384096057954, 77.82194624868298, 4.215280570847287e-05
0.2857142857142857, 0.4898719813281696, 0.5268181798276865, 0.5064294970551172, 65.55289285223135, 0.3445576698037509, -0.7273626507371262, 0.5934842765331452, -73.91306261251971, 154.17588003441125, 82.73443942642386, 4.1030587618265134e-05
0.29411764705882354, 0.48958540197142386, 0.5276363058759624, 0.5066344418263805, 70.35586193093468, 0.35421349112118383, -0.7040664281308976, 0.6154862041400625, -77.96325200188865, 156.34723882994254, 88.81930862536203, 3.975903744862794e-05
0.30303030303030304, 0.4892943403418773, 0.5286343586196551, 0.5070185503530095, 74.12030082922797, 0.3389397439115289, -0.6716867718295074, 0.6587539226042168, -80.06040931354364, 160.44329699079344, 90.99440070250171, 3.8526892998668653e-05
0.3125, 0.4889222958048086, 0.5294214902283495, 0.5074859147127293, 78.71499768413909, 0.39400628140047, -0.6489192888222015, 0.650893852184411, -81.16550164288414, 162.51495996975703, 91.35454359446302, 3.750120620140968e-05
0.3225806451612903, 0.48839267235799083, 0.5302907968383959, 0.5080814212118883, 83.97439252795725, 0.44713463034900536, -0.6346598474928707, 0.6302995322249448, -79.13394345995583, 158.86959089512044, 83.79632452649213, 3.633903261640905e-05
0.3333333333333333, 0.4877652495333552, 0.5313436223199335, 0.5087923223937967, 87.78439096532713, 0.457808989381946, -0.632943151688967, 0.6243347627444098, -81.96761109129758, 159.00359324578912, 82.07627438653127, 3.505487006975106e-05
0.3333333333333333, 0.4877652495333552, 0.5313436223199335, 0.5087923223937967, 87.78439096532713, 0.457808989381946, -0.632943151688967, 0.6243347627444098, -81.96761109129758, 159.00359324578912, 82.07627438653127, 3.505487006975106e-05
0.3448275862068965, 0.48718277659340486, 0.5322669387277735, 0.5093420524898813, 91.35091683331684, 0.3852157181766467, -0.7286218093780179, 0.566320677150635, -83.43139422256422, 160.06743498483584, 81.50091899266988, 3.396850917240045e-05
0.35714285714285715, 0.48659032185445084, 0.5334464122578164, 0.5099700634141398, 96.05526048683117, 0.3218773142675654, -0.7334169894699515, 0.5987441140560232, -85.15299458283133, 160.88938618139943, 81.9842365183113, 3.2621081985333654e-05
0.37037037037037035, 0.4860734140751538, 0.5345402775562769, 0.5105496912234824, 100.7840898050349, 0.3010652090070182, -0.7412408119292934, 0.5999348286738839, -87.28745886483726, 162.367625731009, 84.38337344847545, 3.1468305791228016e-05
0.3846153846153846, 0.48557224193441345, 0.5354960507054634, 0.51104139019192, 107.6396199529858, 0.2608922114603697, -0.7789369110158786, 0.5702565586263424, -90.09456986737544, 163.43893213432122, 87.18326300675513, 3.049309359248245e-05
0.4, 0.484869669514731, 0.5367503877280337, 0.5117021439600438, 113.72433503115113, 0.21826495021510417, -0.7659202692388971, 0.6047532990208598, -96.94708530799913, 164.10161519219747, 85.9242155881992, 2.9283525544742914e-05
0.41666666666666663, 0.4842100442620995, 0.5380316183874104, 0.5123986128593165, 121.49907534738448, 0.18972165769430693, -0.7727213533747856, 0.605728819390628, -100.87624875628846, 166.91466717496218, 87.42632302192163, 2.8121937373419496e-05
0.4347826086956522, 0.48340790816573076, 0.5395872531518816, 0.5131564030652072, 129.44394059494493, 0.1491715473598023, -0.8114321182402127, 0.5650891672528184, -96.7032046074882, 165.59812805381392, 92.26505867760503, 2.6885244274094442e-05
0.45454545454545453, 0.4825955995353453, 0.5409110812974521, 0.5139457599157177, 137.03105238330494, 0.08060656836996709, -0.8178072826256024, 0.5698191200900035, -95.70266523263577, 166.48666694714265, 95.20214755761671, 2.5818788608289702e-05
0.47619047619047616, 0.4815528194311491, 0.5426832003014618, 0.5150616551081575, 145.47213085572284, 0.12394625240952784, -0.8087843573118694, 0.5748958078480483, -99.24243053431177, 166.85264521083684, 96.76080614007736, 2.4572621252181678e-05
0.5, 0.480556610459247, 0.5443917409678684, 0.5162082904268284, 155.0325190940883, 0.10538124442351171, -0.8364684138453715, 0.5377874914524887, -102.04440228633945, 167.92243246036236, 99.70364252774566, 2.3386601298920072e-05
0.5263157894736842, 0.4795412008293889, 0.5460539966044999, 0.5173279685303556, 163.40613392105087, 0.16114046239991145, -0.8234840574504038, 0.5439740421220141, -107.49124386865907, 171.30936857313077, 105.87149155444601, 2.22578256793052e-05
