Metadata recorded on file /project/projectdirs/agora/paper_CGM/ThinTimeSteps/GIZMO/new/snapshot_105.hdf5 with agora_analysis version 1.0 on date 2023-02-02 14:23:14.170374
a, center_x, center_y, center_z, Rvir, L_x, L_y, L_z, bulk_velocity_x, bulk_velocity_y, bulk_velocity_z, unitary_conversion
0.1111111111111111, 0.49785331998264976, 0.5112869405400603, 0.5002082860215481, 11.014306139565209, 0.0909859756353165, 0.773450598365731, -0.6272923753126464, -63.91435562328302, 93.52504305979437, 41.141575471056335, 0.00010530105320701705
0.11363636363636363, 0.4976917638664136, 0.5115067161029797, 0.5003007014585811, 12.749725736481222, -0.2681670926935566, 0.6199130850416953, -0.7374240146553226, -64.27976379528968, 94.12159946212257, 41.68852522234715, 0.00010308370051104053
0.11627906976744186, 0.49749773702159655, 0.5117738875363884, 0.5003662288537015, 13.375169083197274, -0.545266097923549, 0.4835902230639195, -0.6847082434235878, -64.24931727551186, 95.69603907201267, 41.98831389019908, 0.00010055001753822743
0.11904761904761904, 0.4973104321872579, 0.512031716514557, 0.5004071468545297, 12.299711008732691, -0.41125460236873, -0.07741619778491904, 0.9082270555048798, -62.81807405255637, 98.73408309720219, 41.93964327535583, 9.808030857542412e-05
0.12195121951219513, 0.49714435132789125, 0.512299115812728, 0.5004921729628532, 12.873862537488126, -0.6645143502977463, -0.6678994964376449, 0.3351580834572016, -62.0864627423244, 101.56349830312972, 41.547735027643085, 9.567421724265149e-05
0.125, 0.49698346252988645, 0.5125567006500799, 0.5006210142096923, 14.988526827352526, -0.778888371866497, -0.3772157508961291, -0.5010400996397664, -61.65480322248953, 103.1176680330244, 41.44303958283178, 9.360000033639229e-05
0.1282051282051282, 0.4967289538668213, 0.5129244092716808, 0.5008519714220027, 15.736502161340766, -0.37528197206512726, -0.8510033147764252, 0.3673646685276712, -60.16596725753588, 102.54252563170535, 40.787069319233076, 9.103641516706845e-05
0.13157894736842105, 0.4965403143960195, 0.5132006464674053, 0.5010077495389176, 14.570680146473824, -0.8570659259685648, -0.2678961201208381, -0.4400791603426002, -59.74839418799044, 102.89461492251532, 40.28330858667514, 8.879781440770857e-05
0.13513513513513511, 0.4963660141291673, 0.5135242307054559, 0.5011704775310724, 15.311108386058104, 0.76355027481172, 0.3326289186698365, 0.5534880127875238, -57.41116189330541, 115.46265364642153, 60.2650785861057, 8.662175186462466e-05
0.14285714285714285, 0.4960108380694748, 0.5143849247395772, 0.5015964055993563, 18.74675692870779, 0.04485298919097508, -0.5076903850516814, 0.8603712467805452, -55.58833746772589, 103.29551654429294, 39.58263073319201, 8.18983624326495e-05
0.14705882352941177, 0.4958669251962369, 0.5148039029326212, 0.5017795112116531, 19.518811625732845, -0.6096586011299018, -0.23716841213786108, -0.7563514621869496, -57.567272887309095, 102.66300083951057, 39.29079388999135, 7.97328613571662e-05
0.15151515151515152, 0.49565737099549717, 0.5153097952563018, 0.5019510119971438, 20.716670463724874, -0.8185457850417364, -0.05901499508689651, -0.5714018097147585, -58.962402394303226, 101.14855955843785, 39.05864118597212, 7.713607657746053e-05
0.15625, 0.4954200498459062, 0.51576794991235, 0.5020727243321443, 21.716128118917965, -0.22925088502042476, 0.14892689584217172, -0.9619068621296798, -60.459288470901015, 100.67433590807595, 38.91884102519479, 7.462210639945671e-05
0.16129032258064516, 0.49523588629007165, 0.5160956682682251, 0.5021854522851014, 22.902177394569126, -0.5873017895550338, -0.5763904895131291, 0.5681994470115844, -60.80941629656221, 99.41543296876804, 35.9525700453216, 7.278835388024548e-05
0.16666666666666666, 0.494909404914333, 0.516593438840747, 0.5024224479136039, 24.639439885807878, -0.751304054184332, -0.44048424905893296, -0.49144261567061354, -59.556358496018035, 97.21750498925068, 32.33016968278856, 7.019859649759193e-05
0.1724137931034483, 0.4946090791580574, 0.5169797998207205, 0.5026294142216897, 26.807064500876116, -0.20509166927132524, -0.6575725760482022, 0.7249384211261207, -57.52704788666608, 99.16542791795197, 30.86531871462358, 6.812227098894282e-05
0.17857142857142858, 0.4942865528635443, 0.5174926908478046, 0.5026560743988401, 30.10206607388392, 0.5569985609557565, -0.8268095169176751, -0.07834938307081503, -56.65986944597075, 122.44509083047284, 50.82648365479115, 6.535947733596018e-05
0.18518518518518517, 0.49409083330906695, 0.5178541494645054, 0.5026204135635918, 32.661776398048424, 0.6417948764858521, -0.7090812533017347, -0.2920669661782227, -56.93949142191788, 128.98755847910235, 58.01159129507963, 6.32295721109027e-05
0.1923076923076923, 0.49389579734887573, 0.5186118649022712, 0.5027226922896072, 35.81266143020735, -0.006686428983121661, -0.779227028197601, -0.6267060955454229, -58.73165087580949, 132.23228648430688, 63.16088889579377, 6.066262262588312e-05
0.2, 0.4935946415138245, 0.5193014162240991, 0.5030653195113369, 38.287179746268805, 0.7487272723182687, -0.6581138215702315, 0.0793326511914911, -57.9718712795277, 136.10120261964875, 68.45157645393667, 5.850000028737827e-05
0.2040816326530612, 0.4934072390231592, 0.5197059412808124, 0.5032944049773882, 39.240331600409135, 0.8111676573918033, -0.5624944102764896, 0.16002209225353278, -58.77016426548197, 135.97117931649927, 67.4086182491417, 5.7246306062949074e-05
0.20833333333333334, 0.49325759697876287, 0.5200292488259378, 0.5034761759532219, 40.68500575323429, 0.8337865022647936, -0.44627960313285664, 0.32501474500185584, -59.31202033606145, 136.4650707366621, 68.36120009186912, 5.63041387519601e-05
0.2127659574468085, 0.4930033161804596, 0.5205327322935634, 0.5037620648492214, 41.63315069606449, 0.8233123406124163, -0.38407001964992826, 0.41790789631377934, -60.00999126593252, 137.13144242381173, 69.62874413642065, 5.4924420549640195e-05
0.2173913043478261, 0.4928328570624523, 0.5208987807576129, 0.5039444217630147, 42.74329454619596, 0.848047353729238, -0.2845986340374272, 0.44701152483673984, -60.71945091370031, 137.7429116395206, 70.41512308029739, 5.4021609056151335e-05
0.2222222222222222, 0.49258437053952464, 0.52142576684783, 0.5042172084352006, 43.59778500951624, 0.8305854590735103, -0.32509095286375733, 0.4521544730971709, -60.308076707719366, 138.4652982960396, 70.68751545657435, 5.269558175857167e-05
0.22727272727272727, 0.4923316685185007, 0.521952931974646, 0.5044692756901019, 45.12966141222646, 0.8505699981291224, -0.40650487276746705, 0.33359326536806816, -60.25136950152195, 138.2073023267373, 69.66624843964219, 5.1401458759619904e-05
0.23255813953488372, 0.4920738232642782, 0.5224814968421428, 0.504716134607587, 46.20777010716451, 0.8093330723664025, -0.3855362054450711, 0.443104741866949, -60.70511815527147, 137.562625120044, 69.19610049016045, 5.013927605768281e-05
0.23809523809523808, 0.4919054637572917, 0.5228494984327232, 0.5048946178204266, 47.491367416251144, 0.8779965385021412, -0.36128238104806487, 0.314001782674078, -62.18342029391512, 137.50016699473707, 68.32216883138058, 4.9317147316224814e-05
0.24390243902439027, 0.491642703134632, 0.5234048048576422, 0.5051566785727455, 49.358560438551315, 0.7760757781094436, -0.5148693483654422, 0.3641647165028028, -64.54144849448257, 137.35575910973853, 66.82827276509414, 4.8106574940683336e-05
0.25, 0.491368467893602, 0.5240268431057097, 0.5053922093563498, 51.09333230183431, 0.7788885152915148, -0.5361305760144273, 0.32541771034997174, -66.4586390763533, 137.18614351205846, 66.0120986016353, 4.68000003803363e-05
0.25641025641025644, 0.49115048269666955, 0.5245411989776921, 0.50559621342253, 52.61930634336412, 0.705596595968589, -0.6472549521931527, 0.2884345170380605, -67.93947219748364, 136.90048494239505, 65.43268035294129, 4.577285737731534e-05
0.2631578947368421, 0.4907686627358812, 0.5252949267821234, 0.5059390359569129, 55.691508519477516, 0.6220908338446576, -0.7239959735821292, 0.2980483596387059, -67.91703588849423, 138.10802393984847, 65.46592531412867, 4.428128083033018e-05
0.27027027027027023, 0.49045383501511164, 0.5258391492139781, 0.5061846090660981, 58.13638473151301, 0.6373028164595528, -0.6535859202398359, 0.40825306489598884, -67.89113185749399, 141.29576965695804, 67.03906030146392, 4.319415221153097e-05
0.2777777777777778, 0.4901749773746246, 0.5264200253204012, 0.5064254621194997, 60.82853152760315, 0.6641936192898785, -0.7251881182870578, 0.1815186744935304, -68.8559083804161, 147.68795453452327, 71.95358460074516, 4.2134831643448965e-05
0.2857142857142857, 0.4898725031791647, 0.5270029359336275, 0.5066680404346703, 64.73809976863859, 0.7293234943245583, -0.6471872868997645, 0.22189154175303297, -73.52363523341096, 157.56571271129957, 79.72943094275152, 4.110022140632075e-05
0.29411764705882354, 0.48951216761021915, 0.527797939812084, 0.5069205634190957, 69.39342520976375, 0.70754321394653, -0.6472715403437568, 0.2835879994979254, -78.77466346069724, 160.25848553587636, 85.54845175830513, 3.976075583422376e-05
0.30303030303030304, 0.4892536387617106, 0.5287679275516786, 0.5072262928254408, 73.07949630977555, 0.7061694453605779, -0.6777479037348062, 0.20489629919110272, -81.4097419779374, 163.09340215483508, 92.38125097970213, 3.846406751786409e-05
0.3125, 0.48896337160707043, 0.5295549236113571, 0.5075833569074466, 77.88989871709335, 0.5636566952209516, -0.8228562912910127, 0.07210169079429006, -82.3787652883032, 164.00900620710038, 91.85661799682111, 3.7520444110610666e-05
0.3225806451612903, 0.4884210534735835, 0.5305286385674153, 0.508190242148843, 82.84075934589546, 0.6108162098553628, -0.7696669159481239, 0.18578588824997744, -78.99939691859916, 161.0082213578132, 84.50114872976515, 3.62982037635157e-05
0.3333333333333333, 0.48777191559489624, 0.5314859798127204, 0.5088941326746207, 86.90793909944736, 0.5035580805468073, -0.7845141270809839, 0.36189341514647255, -82.12945856038829, 161.0286878954089, 82.81516556793802, 3.5114697684462676e-05
0.3333333333333333, 0.48777191559489624, 0.5314859798127204, 0.5088941326746207, 86.90793909944736, 0.5035580805468073, -0.7845141270809839, 0.36189341514647255, -82.12945856038829, 161.0286878954089, 82.81516556793802, 3.5114697684462676e-05
