Metadata recorded on file /project/projectdirs/agora/paper_CGM/ThinTimeSteps/ART-I/Cosmo_v17/10MpcBox_csf512_02790.d with agora_analysis version 1.0 on date 2023-02-02 14:00:13.413590
a, center_x, center_y, center_z, Rvir, L_x, L_y, L_z, bulk_velocity_x, bulk_velocity_y, bulk_velocity_z, unitary_conversion
0.1111111111111111, 0.49789679845174145, 0.5109733263651529, 0.499926217397054, 11.014306139565209, -0.9994618807510902, 0.002686860571737291, 0.03269143168724039, -50.052301880900586, 101.64381810818276, 101.37487403059131, 0.00010567318101153546
0.11363636363636363, 0.4977284749348958, 0.5114730199178059, 0.49999478658040364, 12.749725736481222, -0.9791712341512688, 0.09251552297864467, -0.18073342861426892, -65.6721598981375, 97.59904690107226, 44.86924615890757, 0.00010307945017728955
0.11627906976744186, 0.497535260518392, 0.5119341214497884, 0.5002204577128093, 13.375169083197274, -0.5070481213444084, 0.07066891434308459, -0.8590157781942516, -65.39883245570614, 95.47417065652485, 42.61794953676631, 0.00010054938203944511
0.11904761904761904, 0.49734363555908206, 0.5122018814086914, 0.5005934079488119, 12.299711008732691, 0.043496542257919976, -0.41688437649575844, 0.9079182052615465, -64.06636581077642, 112.99587200478646, 36.39520919843624, 9.808141400759777e-05
0.12195121951219513, 0.49716647466023767, 0.5122803052266439, 0.5008032162984213, 12.873862537488126, -0.8549544315438512, -0.4604087954535159, -0.23890722268816564, -75.94732360927607, 127.92468462474243, 39.41699683709411, 9.567402102419511e-05
0.125, 0.4969589869181315, 0.5124467849731446, 0.5008433977762858, 14.988526827352526, 0.7946489757773963, 0.574661535316141, 0.19569651280498176, -61.995785272384516, 103.00062642083361, 40.73980724076711, 9.332571792598834e-05
0.1282051282051282, 0.4967285792032878, 0.512882932027181, 0.5008086522420248, 15.736502161340766, -0.6895800434677564, -0.5835631235325284, 0.42887462562381345, -60.973373278190415, 103.68764866738206, 40.942022784918166, 9.103505354079918e-05
0.13157894736842105, 0.4965565045674642, 0.5133602460225423, 0.5010072390238444, 14.570680146473824, -0.826018020781307, 0.46515998397894903, 0.31830868453316824, -53.21661643123123, 119.19720769930598, -14.849679242022855, 8.880061313590376e-05
0.13513513513513511, 0.49644006093343107, 0.5135615666707357, 0.5012306849161784, 15.311108386058104, 0.7221322521678796, 0.5442522187213951, -0.4269830591437849, -58.44669846730275, 103.00087985337841, 39.44517731308523, 8.662101670296023e-05
0.1388888888888889, 0.49622875849405923, 0.5138058026631673, 0.5012977282206217, 17.793882920928496, 0.36246266392239573, 0.17761508270224655, 0.9149173184823614, -58.4805098286426, 103.74056273801497, 38.604440395211746, 8.449491738092395e-05
0.14285714285714285, 0.49602743784586584, 0.5143239974975586, 0.5015071551005046, 18.74675692870779, 0.029850002638993654, 0.5268863635669196, -0.8494114063454058, -58.11546338509518, 103.23249434228626, 37.963464053200326, 8.174107347364034e-05
0.14705882352941177, 0.4958505312601726, 0.5145717938741049, 0.5016141573588054, 19.518811625732845, 0.7209202899580504, 0.6929846140886455, 0.006801482427518099, -59.63009032835208, 104.57238407325637, 38.477168228625096, 7.973475227971514e-05
0.15151515151515152, 0.4955649693806966, 0.5151805559794108, 0.5017669995625813, 20.716670463724874, -0.389179244183787, 0.32670652307305553, -0.8612794921963783, -61.13015474349015, 103.91172615144455, 38.51342272652631, 7.713605019825095e-05
0.15625, 0.49531920750935865, 0.5155416806538899, 0.5018587112426757, 21.716128118917965, -0.6765986990480287, -0.5305340544672964, 0.5106347202227899, -62.07429999341619, 106.36542718009296, 38.223705749532996, 7.462204459247802e-05
0.16129032258064516, 0.4951711654663085, 0.5159787495930989, 0.5020465532938638, 22.902177394569126, -0.1932442888048001, 0.21982639090027709, -0.9562076148557308, -61.136448831950645, 106.06614666133798, 38.37755835982127, 7.279045879065704e-05
0.16666666666666666, 0.49490416844685864, 0.5163910865783691, 0.5022262891133625, 24.639439885807878, -0.1883320159280046, -0.8242318008288211, 0.534015908263951, -60.16682591815067, 103.73969428248313, 33.99865218574399, 7.041808459748118e-05
0.1724137931034483, 0.49462483723958334, 0.5168554623921712, 0.5024250666300455, 26.807064500876116, 0.16761958109923136, -0.652913132755122, 0.7386529070598792, -56.84571508162513, 103.22569453662275, 30.892338420994424, 6.812302983423027e-05
0.17857142857142858, 0.49427213668823244, 0.5174434661865235, 0.5026034037272136, 30.10206607388392, 0.8685619161536137, 0.2249518508326671, -0.4415844909125775, -54.77761116072531, 126.16492057313445, 51.70387290819602, 6.53591117790741e-05
0.18518518518518517, 0.4941420237223307, 0.5178339958190917, 0.5024720191955566, 32.661776398048424, 0.46448892465530933, -0.814606063152442, -0.3473715600734088, -56.45438385842394, 135.91946654899422, 63.671643090279574, 6.322893823533387e-05
0.1923076923076923, 0.4939823150634766, 0.5187679926554363, 0.5027683893839519, 35.81266143020735, 0.9516033931602786, -0.2906508138185549, -0.0998653420985272, -57.58449896141396, 135.53341576474594, 67.50506418642289, 6.06635854548975e-05
0.2, 0.49359474182128904, 0.5193079312642416, 0.503128178914388, 38.287179746268805, 0.5448028217150711, -0.6842804889093866, 0.48471651297353935, -57.54891802066928, 135.74168965026323, 68.7702523866784, 5.868644824502478e-05
0.2040816326530612, 0.49337056477864577, 0.5197517077128092, 0.503386910756429, 39.240331600409135, 0.7766094473918798, -0.4702011259707341, 0.41927159140291503, -57.957150434181834, 136.00957819145538, 69.29622586482589, 5.724599903257149e-05
0.20833333333333334, 0.4932477951049805, 0.5200666427612305, 0.503527323404948, 40.68500575323429, 0.7201085869339536, -0.5502989735372888, -0.4226282796356522, -58.04070657886936, 136.49127047053994, 69.75686412657919, 5.630539540148392e-05
0.2127659574468085, 0.4929973284403483, 0.5205694516499837, 0.5037590026855469, 41.63315069606449, 0.6951534737334271, -0.6313051129763496, 0.3438248133661498, -58.43335256760553, 136.26190259155527, 70.96229526286633, 5.492338873915682e-05
0.2173913043478261, 0.49285726547241204, 0.5209089914957682, 0.5039204597473144, 42.74329454619596, 0.8064873774313408, -0.5617761009677653, 0.1843521695705625, -58.66985316045674, 137.00979763520317, 70.91992131566208, 5.402094769956052e-05
0.2222222222222222, 0.4926175435384115, 0.5214615186055502, 0.5041830698649088, 43.59778500951624, 0.7552439061678469, -0.6483453821962832, 0.09620243022443928, -58.16710730783145, 137.29030611466644, 72.24595210877207, 5.26950124300597e-05
0.22727272727272727, 0.4923852602640788, 0.5219889005025228, 0.5044390042622885, 45.12966141222646, 0.7374087907642949, -0.6718777317401049, 0.06934398961202015, -57.4470771209775, 137.9690749409368, 72.78984135152164, 5.14016220235014e-05
0.23255813953488372, 0.4921394030253092, 0.5224902788798014, 0.5046847661336262, 46.20777010716451, 0.5380538047977192, -0.8052932345203515, 0.24899981843055197, -57.521946582505336, 137.48220967597416, 73.36222560027869, 5.013997724149094e-05
0.23809523809523808, 0.4919918696085612, 0.522841231028239, 0.5048596382141114, 47.491367416251144, 0.7552740255406685, -0.607912467144126, 0.2449562790261475, -59.165824389038576, 138.05427391422896, 72.88478104359483, 4.931613240977196e-05
0.24390243902439027, 0.4917420387268066, 0.5233837445576985, 0.505125077565511, 49.358560438551315, 0.7180442389641399, -0.5654611331449891, 0.40579080545620305, -62.36176526769863, 138.06760083466526, 71.98287579578027, 4.8105675644511145e-05
0.25, 0.49149656295776367, 0.5239538828531901, 0.505390739440918, 51.09333230183431, 0.7594978704021315, -0.6039586115910007, 0.24165467166950808, -65.18704786183584, 138.52742039089347, 71.06117340177597, 4.692492975395465e-05
0.25641025641025644, 0.4912237485249836, 0.5245215733846028, 0.5056633313496907, 52.61930634336412, 0.7064448480094934, -0.6642277979213757, 0.24441176156102656, -67.32459108551447, 137.59650570016979, 68.96521362398212, 4.5773165076932494e-05
0.2631578947368421, 0.49084790547688795, 0.5252930959065755, 0.5060365994771321, 55.691508519477516, 0.7752353421060305, -0.6006399664870526, 0.19555509455950779, -68.65341275296939, 138.58025201701338, 67.97943467676606, 4.428133352344198e-05
0.27027027027027023, 0.4905357678731283, 0.525861930847168, 0.5062952359517416, 58.13638473151301, 0.5228847969456502, -0.7499191742823571, 0.40523168825595796, -68.49042127547642, 141.1099868131932, 68.59039904429169, 4.31944554807649e-05
0.2777777777777778, 0.49023516972859693, 0.5264612833658854, 0.5065554618835448, 60.82853152760315, 0.6293526552231231, -0.6800456084919622, 0.37610265318713404, -68.76186515040494, 144.71034724258988, 69.81670638895818, 4.213425468074644e-05
0.2857142857142857, 0.48994553883870434, 0.5270598093668619, 0.506779130299886, 64.73809976863859, 0.624906746033316, -0.7208169089378831, 0.29985753709268076, -73.55287908284532, 156.16708706533734, 79.15660246971977, 4.1100076334856645e-05
0.29411764705882354, 0.48957675298055015, 0.5278889973958333, 0.5070576667785645, 69.39342520976375, 0.591847985330384, -0.704517362970842, 0.39162641322180547, -81.05570287601003, 160.5681062692281, 86.11876541350696, 3.976054932980566e-05
0.30303030303030304, 0.48933658599853525, 0.5289508819580079, 0.5073765754699707, 73.07949630977555, 0.5692909847118163, -0.7958044962836918, 0.20640488952665342, -85.27508156424808, 163.78206759255923, 92.96738125030068, 3.846468030103906e-05
0.3125, 0.48898413976033533, 0.529726505279541, 0.5078080495198568, 77.88989871709335, 0.514005882725633, -0.7243849776705797, 0.4594174100408434, -79.84080482712095, 160.04562699318558, 85.79498744061267, 3.752057073244763e-05
0.3225806451612903, 0.4883680343627929, 0.530668036142985, 0.5084880193074545, 82.84075934589546, 0.4277032110183952, -0.8481728197946041, 0.31252652854793633, -77.34617497618004, 159.72409510732606, 83.64336444987161, 3.6297706703318696e-05
0.3333333333333333, 0.487661361694336, 0.531426747639974, 0.50907777150472, 86.90793909944736, 0.3444743344637973, -0.8608591478192286, 0.37451162934103355, -80.752525592553, 159.19697774523354, 83.18932408428785, 3.511469774843557e-05
0.3333333333333333, 0.487661361694336, 0.531426747639974, 0.50907777150472, 86.90793909944736, 0.3444743344637973, -0.8608591478192286, 0.37451162934103355, -80.752525592553, 159.19697774523354, 83.18932408428785, 3.511469774843557e-05
0.3448275862068965, 0.4871988932291667, 0.5323698997497559, 0.5095861117045085, 90.18597826632143, 0.45399828385268265, -0.7829002650935514, 0.4253853937023061, -82.82042823706567, 160.47298831210168, 82.77528715599053, 3.397024552044317e-05
0.35714285714285715, 0.4868643124898275, 0.5334152221679688, 0.5101002375284831, 94.6605742112264, 0.3183315472376904, -0.9479737441653706, 0.003287309895184288, -85.74941361307991, 161.77025941974182, 84.76521300027602, 3.2863092801988134e-05
0.37037037037037035, 0.4862806320190431, 0.5346967061360678, 0.5107657432556153, 99.0650702302383, 0.2996658786083197, -0.8938998179666171, 0.333381878087506, -86.93475130650175, 164.66880383624368, 87.79879947663463, 3.152975669282338e-05
0.3846153846153846, 0.4857046763102214, 0.5356794993082683, 0.5112844785054526, 106.8013675523064, 0.49301328921322407, -0.779868873193661, 0.3856714110260278, -90.00461158230151, 165.06656750403923, 90.15561405216438, 3.05021439894157e-05
0.4, 0.48504711786905924, 0.5369417190551757, 0.5119272232055665, 112.05450200992452, 0.3262216852479367, -0.8621124867416253, 0.3877389228310293, -98.31154946244148, 166.15370685582653, 86.79619718238695, 2.9264597352126263e-05
0.41666666666666663, 0.48444054921468094, 0.5383389790852864, 0.5126762390136718, 120.01135572992736, 0.5217714649866889, -0.8058337848116638, 0.2799758017789278, -101.37877043988887, 168.35853960588128, 89.03244742278952, 2.8077261010873663e-05
0.4347826086956522, 0.4835857709248861, 0.5397417704264323, 0.5133875528971354, 127.3910761967471, 0.5722749858266604, -0.7969989600848486, 0.19311654051573518, -97.85304112994002, 165.91261338751588, 93.54870893258041, 2.6938097811055274e-05
0.45454545454545453, 0.4826672871907552, 0.5410897572835286, 0.5141714413960775, 135.65794508789935, 0.37041325187765206, -0.9105542183086366, 0.18353484234273096, -95.18429064658918, 165.67945314881024, 95.98584998778014, 2.5845153250416735e-05
0.47619047619047616, 0.4816210110982259, 0.5428324381510417, 0.5152611096700033, 143.0702873155302, 0.31763906694557886, -0.925486298143334, 0.20635051514083957, -99.96916641064759, 165.4465927756646, 96.85290157015314, 2.459199357082359e-05
0.5, 0.4805969556172688, 0.5445202509562174, 0.5164404551188151, 153.37252948517562, 0.4848102012054743, -0.8491839553868018, 0.20939359761161178, -103.49831607024944, 168.84456329474358, 100.45111702897624, 2.339959612263772e-05
0.5263157894736842, 0.479510498046875, 0.5461771647135416, 0.5175282478332519, 161.7026971172896, 0.40263354643038346, -0.8739823353944173, 0.2721049516407454, -108.57835660439136, 171.68449665307872, 106.90613311594649, 2.226501452307951e-05
0.5555555555555556, 0.4783290863037109, 0.5481922149658203, 0.5187679290771484, 174.3514887334224, 0.33244570650862987, -0.9204500134157065, 0.2055520007856975, -106.1389134066834, 168.82462317465917, 101.70408252026095, 2.1010677003192202e-05
0.588235294117647, 0.47698961893717445, 0.5502874374389648, 0.5200710932413737, 187.0893960247762, -0.008818028369748817, -0.9999567062537138, 0.002971194018282828, -104.30218429561386, 166.20711673976808, 96.80218169666628, 1.9827004554082634e-05
0.625, 0.4757963180541992, 0.552261225382487, 0.5212841351826986, 200.1408224424673, 0.017912506373943093, -0.998886787911626, 0.04363859588710142, -104.98843173260677, 165.7078495151991, 95.30047649615402, 1.8710016318269373e-05
0.6666666666666666, 0.4743861516316732, 0.5543951034545899, 0.5226104736328125, 213.8209465904207, -0.1995214688437378, -0.9797113928464257, -0.018888361425861144, -106.13967888367577, 167.03891597470204, 94.30418993343639, 1.751030314995072e-05
0.7142857142857143, 0.47294241587320973, 0.5565067291259767, 0.5237649599711102, 227.62370370790416, -0.06236968082939029, -0.7010363717733329, 0.7103928690267952, -106.00067377289497, 166.68083692218315, 91.48249703599484, 1.638751731626147e-05
0.7692307692307692, 0.4714342753092448, 0.5588473637898764, 0.525160026550293, 235.30681748783138, 0.3053963254972996, 0.9475992028985639, -0.09374878686550349, -106.23012157970398, 166.80614201406755, 93.65585893381865, 1.5210205985919224e-05
