MAGG_Galbiati23_obs
Galbiati et al. 2023 https://arxiv.org/pdf/2302.00021.pdf

z,r,Rvir,log C IV:cdens,log C IV:eb,log Si IV:cdens,log Si IV:eb

3,35.50651175085678,51.34961554,nan,nan,nan,nan
3,40.53245178316938,51.34961554,13.126126772980234,nan,nan,nan
3,65.80746386988586,51.34961554,13.454748681107443,nan,nan,nan
3,73.02132211918256,51.34961554,13.546621472626876,nan,nan,nan
3,86.57084632525593,51.34961554,13.69503136661981,nan,nan,nan
3,91.62464823877131,51.34961554,12.73390062457034,nan,nan,nan
3,93.3739804284464,51.34961554,13.680897091001436,nan,nan,nan
3,94.48423321599529,51.34961554,13.34520804506504,nan,nan,nan
3,99.05883676645482,51.34961554,13.613759281814156,nan,nan,nan
3,102.63456228906438,51.34961554,13.405278716443132,nan,nan,nan
3,102.63456228906438,51.34961554,12.606692144004969,nan,nan,nan
3,103.12097785060203,51.34961554,nan,nan,nan,nan
3,109.39925732231046,51.34961554,13.140261048598608,nan,nan,nan
3,123.70933263917055,51.34961554,13.24980168464101,nan,nan,nan
3,124.00213369877699,51.34961554,13.217999564499667,nan,nan,nan
3,124.58981650415659,51.34961554,13.285137373686947,nan,nan,nan
3,124.58981650415659,51.34961554,13.002451861319456,nan,nan,nan
3,135.97849366851491,51.34961554,nan,nan,nan,nan
3,137.27043250982598,51.34961554,13.271003098068572,nan,nan,nan
3,137.5953306176247,51.34961554,12.974183310082708,nan,nan,nan
3,157.81633400514403,51.34961554,12.691497797715217,nan,nan,nan
3,168.6162335204147,51.34961554,13.391144440824757,nan,nan,nan
3,171.0249799784543,51.34961554,13.295738080400728,nan,nan,nan
3,173.05853322198428,51.34961554,12.970649741178114,nan,nan,nan
3,173.46813628765682,51.34961554,12.670296384287655,nan,nan,nan
3,174.29025311691368,51.34961554,nan,nan,nan,nan
3,177.19846642221836,51.34961554,12.85050839842193,nan,nan,nan
3,184.4649071961862,51.34961554,nan,nan,nan,nan
3,188.4317164143467,51.34961554,nan,nan,nan,nan
3,194.77253680402464,51.34961554,nan,nan,nan,nan
3,198.0225182167057,51.34961554,12.963582603368927,nan,nan,nan
3,200.37708264502658,51.34961554,nan,nan,nan,nan
3,205.65614170031958,51.34961554,13.585490730577407,nan,nan,nan
3,206.14289831697727,51.34961554,nan,nan,nan,nan
3,208.59401720941023,51.34961554,nan,nan,nan,nan
3,215.1041902841969,51.34961554,nan,nan,nan,nan
3,220.2499462448391,51.34961554,13.613759281814156,nan,nan,nan
3,228.20030564586702,51.34961554,13.002451861319456,nan,nan,nan
3,232.55719157158114,51.34961554,nan,nan,nan,nan
3,239.24898427605785,51.34961554,nan,nan,nan,nan
3,251.4262845377702,51.34961554,13.649094970860093,nan,nan,nan
3,30.16241555930139,51.34961554,11.935314052132178,<,nan,nan
3,42.194580503879195,51.34961554,12.663229246478467,<,nan,nan
3,50.26110505155796,51.34961554,12.472416525630411,<,nan,nan
3,67.38172027565753,51.34961554,12.359342320683414,<,nan,nan
3,68.66819738132365,51.34961554,12.08372394612511,<,nan,nan
3,68.9936362884916,51.34961554,11.857575536231117,<,nan,nan
3,74.41547262094322,51.34961554,12.832840553898961,<,nan,nan
3,74.76814956616224,51.34961554,12.458282250012036,<,nan,nan
3,76.19565115348274,51.34961554,12.910579069800022,<,nan,nan
3,76.91959005446924,51.34961554,12.324006631637477,<,nan,nan
3,78.01841539429107,51.34961554,12.486550801248786,<,nan,nan
3,80.64377363289394,51.34961554,12.7551020379979,<,nan,nan
3,89.06190735822084,51.34961554,12.599625006195781,<,nan,nan
3,89.06190735822084,51.34961554,11.801038433757618,<,nan,nan
3,89.4839980917229,51.34961554,12.91764620760921,<,nan,nan
3,90.3341902779397,51.34961554,12.507752214676348,<,nan,nan
3,91.62464823877131,51.34961554,12.536020765913095,<,nan,nan
3,95.60768733914756,51.34961554,12.295738080400728,<,nan,nan
3,96.51606101993329,51.34961554,13.129660341884827,<,nan,nan
3,97.43306520697757,51.34961554,12.57842359276822,<,nan,nan
3,100.23668469739513,51.34961554,12.486550801248786,<,nan,nan
3,100.71173600746381,51.34961554,12.839907691708149,<,nan,nan
3,101.66860352388957,51.34961554,12.203865288881294,<,nan,nan
3,104.59409989206398,51.34961554,12.78337058923465,<,nan,nan
3,105.08980228215381,51.34961554,12.670296384287655,<,nan,nan
3,107.60377690896902,51.34961554,nan,<,nan,nan
3,108.11374304904322,51.34961554,12.564289317149845,<,nan,nan
3,108.11374304904322,51.34961554,12.154395324216983,<,nan,nan
3,112.54720190780073,51.34961554,nan,<,nan,nan
3,115.51232804666067,51.34961554,12.52188649029472,<,nan,nan
3,118.8361751780956,51.34961554,12.65616210866928,<,nan,nan
3,118.8361751780956,51.34961554,12.479483663439598,<,nan,nan
3,121.67899267948742,51.34961554,12.620826419623343,<,nan,nan
3,127.57027350996653,51.34961554,12.408812285347725,<,nan,nan
3,127.57027350996653,51.34961554,11.82223984718518,<,nan,nan
3,128.78232540801136,51.34961554,12.472416525630411,<,nan,nan
3,129.39266295641963,51.34961554,12.620826419623343,<,nan,nan
3,133.11591430862748,51.34961554,12.790437727043837,<,nan,nan
3,133.11591430862748,51.34961554,12.225066702308856,<,nan,nan
3,134.38065563243708,51.34961554,12.281603804782353,<,nan,nan
3,136.30033395477656,51.34961554,12.564289317149845,<,nan,nan
3,136.30033395477656,51.34961554,11.808105571566806,<,nan,nan
3,137.5953306176247,51.34961554,12.486550801248786,<,nan,nan
3,139.5609317839434,51.34961554,12.45121511220285,<,nan,nan
3,141.55461230388312,51.34961554,12.564289317149845,<,nan,nan
3,142.22548149937023,51.34961554,12.677363522096842,<,nan,nan
3,142.22548149937023,51.34961554,12.366409458492601,<,nan,nan
3,147.01143924673758,51.34961554,12.415879423156913,<,nan,nan
3,148.4082026859834,51.34961554,12.486550801248786,<,nan,nan
3,149.1115530743542,51.34961554,12.882310518563273,<,nan,nan
3,149.1115530743542,51.34961554,12.23920097792723,<,nan,nan
3,152.6786228837301,51.34961554,12.825773416089774,<,nan,nan
3,152.6786228837301,51.34961554,11.984784016796487,<,nan,nan
3,153.4022120570889,51.34961554,12.571356454959032,<,nan,nan
3,154.85969456592386,51.34961554,11.765702744711682,<,nan,nan
3,155.5936204833908,51.34961554,12.260402391354791,<,nan,nan
3,155.5936204833908,51.34961554,12.571356454959032,<,nan,nan
3,157.81633400514403,51.34961554,12.401745147538538,<,nan,nan
3,160.82942271477023,51.34961554,11.82223984718518,<,nan,nan
3,161.59164094045184,51.34961554,12.23920097792723,<,nan,nan
3,163.90003844547022,51.34961554,12.168529599835358,<,nan,nan
3,164.67680922773306,51.34961554,13.037787550365392,<,nan,nan
3,164.67680922773306,51.34961554,12.52188649029472,<,nan,nan
3,171.0249799784543,51.34961554,12.924713345418397,<,nan,nan
3,171.0249799784543,51.34961554,12.677363522096842,<,nan,nan
3,171.0249799784543,51.34961554,12.52188649029472,<,nan,nan
3,171.0249799784543,51.34961554,12.16146246202617,<,nan,nan
3,172.64989733492428,51.34961554,12.50068507686716,<,nan,nan
3,172.64989733492428,51.34961554,12.34520804506504,<,nan,nan
3,172.64989733492428,51.34961554,11.801038433757618,<,nan,nan
3,174.29025311691368,51.34961554,12.536020765913095,<,nan,nan
3,175.94619400571773,51.34961554,12.931780483227584,<,nan,nan
3,178.45965171241897,51.34961554,11.490084370153378,<,nan,nan
3,182.7287913108621,51.34961554,12.536020765913095,<,nan,nan
3,185.33914097686034,51.34961554,12.062522532697548,<,nan,nan
3,187.1000579320588,51.34961554,12.571356454959032,<,nan,nan
3,187.98678047184444,51.34961554,nan,<,nan,nan
3,189.7728527895497,51.34961554,12.818706278280587,<,nan,nan
3,189.7728527895497,51.34961554,12.585490730577407,<,nan,nan
3,190.67224249507825,51.34961554,12.408812285347725,<,nan,nan
3,190.67224249507825,51.34961554,12.493617939057973,<,nan,nan
3,191.5758946745621,51.34961554,12.430013698775287,<,nan,nan
3,193.3960673556358,51.34961554,12.719766348951964,<,nan,nan
3,193.3960673556358,51.34961554,12.352275182874227,<,nan,nan
3,194.3126285471477,51.34961554,12.486550801248786,<,nan,nan
3,195.23353359336787,51.34961554,12.097858221743484,<,nan,nan
3,198.0225182167057,51.34961554,12.705632073333591,<,nan,nan
3,202.759643756235,51.34961554,12.408812285347725,<,nan,nan
3,203.7205817071084,51.34961554,12.479483663439598,<,nan,nan
3,203.7205817071084,51.34961554,12.104925359552672,<,nan,nan
3,206.63080701206013,51.34961554,12.062522532697548,<,nan,nan
3,207.61009155112848,51.34961554,12.458282250012036,<,nan,nan
3,208.59401720941023,51.34961554,12.486550801248786,<,nan,nan
3,208.59401720941023,51.34961554,12.465349387821224,<,nan,nan
3,209.58260598254245,51.34961554,12.910579069800022,<,nan,nan
3,209.58260598254245,51.34961554,12.634960695241718,<,nan,nan
3,210.57587997040633,51.34961554,13.154395324216983,<,nan,nan
3,210.57587997040633,51.34961554,12.606692144004969,<,nan,nan
3,211.5738613776207,51.34961554,12.726833486761153,<,nan,nan
3,212.07462433118926,51.34961554,13.119059635171046,<,nan,nan
3,212.57657251403919,51.34961554,12.444147974393662,<,nan,nan
3,213.58403579524773,51.34961554,12.479483663439598,<,nan,nan
3,215.61330898605485,51.34961554,13.00598543022405,<,nan,nan
3,215.61330898605485,51.34961554,12.634960695241718,<,nan,nan
3,218.69342638331293,51.34961554,12.613759281814156,<,nan,nan
3,219.72987924506168,51.34961554,12.528953628103908,<,nan,nan
3,221.8175444186833,51.34961554,12.465349387821224,<,nan,nan
3,222.868803400267,51.34961554,12.16146246202617,<,nan,nan
3,223.92504460924536,51.34961554,11.899978363086241,<,nan,nan
3,224.9862916578678,51.34961554,12.903511931990835,<,nan,nan
3,226.05256827029018,51.34961554,12.11199249736186,<,nan,nan
3,227.12389828310316,51.34961554,12.196798151072107,<,nan,nan
3,228.20030564586702,51.34961554,12.896444794181647,<,nan,nan
3,230.36844878754397,51.34961554,12.974183310082708,<,nan,nan
3,230.36844878754397,51.34961554,12.790437727043837,<,nan,nan
3,233.6593489190185,51.34961554,12.55015504153147,<,nan,nan
3,234.76672971626726,51.34961554,11.892911225277054,<,nan,nan
3,235.87935871880225,51.34961554,12.571356454959032,<,nan,nan
3,238.1204609488009,51.34961554,12.903511931990835,<,nan,nan
3,240.38285600930658,51.34961554,12.585490730577407,<,nan,nan
3,241.52210149622624,51.34961554,11.702098504428998,<,nan,nan
3,242.66674620462516,51.34961554,12.663229246478467,<,nan,nan
3,243.24110125855793,51.34961554,12.921179776513803,<,nan,nan
3,247.29983084570603,51.34961554,12.620826419623343,<,nan,nan
3,249.6494395838208,51.34961554,12.846974829517336,<,nan,nan
3,249.6494395838208,51.34961554,12.57842359276822,<,nan,nan
3,253.21577593705365,51.34961554,12.599625006195781,<,nan,nan
3,261.7366119491781,51.34961554,11.772769882520869,<,nan,nan
3,267.99791596783245,51.34961554,12.246268115736417,<,nan,nan
3,298.78537993708136,51.34961554,12.599625006195781,<,nan,nan
3,31.29186673971946,51.34961554,nan,nan,nan,nan
3,33.09763439443086,51.34961554,nan,nan,13.174864975866821,nan
3,35.336485259386244,51.34961554,nan,nan,13.425736056006194,nan
3,59.93285611766105,51.34961554,nan,nan,13.258488669246612,nan
3,67.9966175677749,51.34961554,nan,nan,12.303784836494,nan
3,80.08539085664023,51.34961554,nan,nan,13.349081003741386,nan
3,93.44549644548026,51.34961554,nan,nan,13.509359749385986,nan
3,98.83797930255159,51.34961554,nan,nan,13.03549215356717,nan
3,103.08559204910026,51.34961554,nan,nan,nan,nan
3,103.56867648704859,51.34961554,nan,nan,13.502391108271002,nan
3,109.03437833716026,51.34961554,nan,nan,13.620858007225706,nan
3,124.2842922876564,51.34961554,nan,nan,13.230614104786682,nan
3,128.71959660362074,51.34961554,nan,nan,13.133053129176925,nan
3,161.85907563390083,51.34961554,nan,nan,12.770683791197833,nan
3,168.4208826647094,51.34961554,nan,nan,13.19577089921177,nan
3,170.79978105703987,51.34961554,nan,nan,13.36301828597135,nan
3,174.02399607986973,51.34961554,nan,nan,nan,nan
3,174.02399607986973,51.34961554,nan,nan,13.502391108271002,nan
3,184.0664427602967,51.34961554,nan,nan,13.516328390500968,nan
3,194.6884114468894,51.34961554,nan,nan,13.328175080396438,nan
3,205.92334476237912,51.34961554,nan,nan,13.52329703161595,nan
3,239.15540638328056,51.34961554,nan,nan,nan,nan
3,250.60213784843344,51.34961554,nan,nan,13.300300515936508,nan
3,250.60213784843344,51.34961554,nan,nan,12.707966021162989,nan
3,40.46752083464578,51.34961554,nan,nan,12.582530481093302,<
3,42.00976516236407,51.34961554,nan,nan,12.540718634403406,<
3,50.88607864163508,51.34961554,nan,nan,12.638279610013162,<
3,66.73681592660918,51.34961554,nan,nan,12.227129784229192,<
3,67.9966175677749,51.34961554,nan,nan,11.892635010710027,<
3,72.59616943427537,51.34961554,nan,nan,12.533749993288424,<
3,74.31320461815375,51.34961554,nan,nan,12.484969505483546,<
3,74.66145457211434,51.34961554,nan,nan,12.63131096889818,<
3,75.71602697097912,51.34961554,nan,nan,12.491938146598528,<
3,76.07085089550519,51.34961554,nan,nan,12.44315765879365,<
3,76.42733761220946,51.34961554,nan,nan,12.366502606528842,<
3,77.87006879464519,51.34961554,nan,nan,12.366502606528842,<
3,86.30592452063436,51.34961554,nan,nan,12.673122815588076,<
3,89.17719485147623,51.34961554,nan,nan,nan,<
3,89.17719485147623,51.34961554,nan,nan,13.244551387016648,<
3,89.17719485147623,51.34961554,nan,nan,12.44315765879365,<
3,89.17719485147623,51.34961554,nan,nan,12.366502606528842,<
3,90.86060714600342,51.34961554,nan,nan,12.491938146598528,<
3,91.71419283079342,51.34961554,nan,nan,11.68357577726055,<
3,94.32336575077541,51.34961554,nan,nan,12.889150690152535,<
3,96.10392314362113,51.34961554,nan,nan,12.471032223253582,<
3,99.76650803349723,51.34961554,nan,nan,12.422251735448704,<
3,100.70375978377497,51.34961554,nan,nan,12.777652432312815,<
3,101.17568236992317,51.34961554,nan,nan,12.812495637887727,<
3,102.60476090415628,51.34961554,nan,nan,11.871729087365079,<
3,104.54164752938318,51.34961554,nan,nan,12.777652432312815,<
3,104.54164752938318,51.34961554,nan,nan,12.68706009781804,<
3,107.51574812739202,51.34961554,nan,nan,12.596467763323266,<
3,108.01959336630742,51.34961554,nan,nan,12.206223860884243,<
3,109.03437833716026,51.34961554,nan,nan,12.248035707574138,<
3,112.13629243053569,51.34961554,nan,nan,13.432704697121176,<
3,114.78852547524504,51.34961554,nan,nan,12.71493466227797,<
3,118.6073697706834,51.34961554,nan,nan,12.910056613497483,<
3,118.6073697706834,51.34961554,nan,nan,12.38740852987379,<
3,119.72162110717476,51.34961554,nan,nan,12.35953396541386,<
3,121.41265589735599,51.34961554,nan,nan,12.526781352173442,<
3,123.70458219072282,51.34961554,nan,nan,11.788105393985289,<
3,125.45187520475632,51.34961554,nan,nan,11.746293547295393,<
3,127.82005049265258,51.34961554,nan,nan,12.373471247643824,<
3,127.82005049265258,51.34961554,nan,nan,12.296816195379016,<
3,127.82005049265258,51.34961554,nan,nan,11.76719947064034,<
3,129.02084992330512,51.34961554,nan,nan,12.568593198863336,<
3,130.84323374889453,51.34961554,nan,nan,12.380439888758808,<
3,132.69135824205597,51.34961554,nan,nan,12.394377170988772,<
3,132.69135824205597,51.34961554,nan,nan,12.763715150082849,<
3,133.93792094341202,51.34961554,nan,nan,12.533749993288424,<
3,135.19619441922228,51.34961554,nan,nan,12.993680306877275,<
3,135.82975703738774,51.34961554,nan,nan,12.380439888758808,<
3,137.1058032780794,51.34961554,nan,nan,11.76719947064034,<
3,137.1058032780794,51.34961554,nan,nan,11.746293547295393,<
3,137.1058032780794,51.34961554,nan,nan,11.906572292939993,<
3,139.6939716463909,51.34961554,nan,nan,12.422251735448704,<
3,142.33099728655054,51.34961554,nan,nan,12.617373686668214,<
3,146.380165385094,51.34961554,nan,nan,12.491938146598528,<
3,147.75532693897983,51.34961554,nan,nan,12.352565324298878,<
3,147.75532693897983,51.34961554,nan,nan,12.819464279002709,<
3,149.1434073831698,51.34961554,nan,nan,12.582530481093302,<
3,150.5445280835687,51.34961554,nan,nan,12.101694244159503,<
3,153.38638142815685,51.34961554,nan,nan,11.809011317330237,<
3,153.38638142815685,51.34961554,nan,nan,12.854307484577623,<
3,154.1051877364706,51.34961554,nan,nan,12.324690759838946,<
3,154.1051877364706,51.34961554,nan,nan,12.324690759838946,<
3,154.1051877364706,51.34961554,nan,nan,13.230614104786682,<
3,154.82736254793343,51.34961554,nan,nan,11.690544418375532,<
3,155.55292164817965,51.34961554,nan,nan,13.2236454636717,<
3,156.28188089681862,51.34961554,nan,nan,12.011101909664731,<
3,157.0142562277823,51.34961554,nan,nan,13.070335359142083,<
3,159.23203917609288,51.34961554,nan,nan,12.094725603044521,<
3,160.72793705164023,51.34961554,nan,nan,11.586014801650794,<
3,160.72793705164023,51.34961554,nan,nan,12.38740852987379,<
3,162.99817471460213,51.34961554,nan,nan,12.066851038584591,<
3,169.21014434351017,51.34961554,nan,nan,13.27939459259156,<
3,170.79978105703987,51.34961554,nan,nan,12.547687275518388,<
3,170.79978105703987,51.34961554,nan,nan,12.213192501999226,<
3,171.60019083879018,51.34961554,nan,nan,13.36301828597135,<
3,171.60019083879018,51.34961554,nan,nan,12.610405045553232,<
3,172.40435153763642,51.34961554,nan,nan,12.136537449734417,<
3,172.40435153763642,51.34961554,nan,nan,12.066851038584591,<
3,173.21228073129848,51.34961554,nan,nan,12.296816195379016,<
3,174.02399607986973,51.34961554,nan,nan,11.76719947064034,<
3,174.02399607986973,51.34961554,nan,nan,12.610405045553232,<
3,174.83951532620364,51.34961554,nan,nan,12.471032223253582,<
3,176.48203689969762,51.34961554,nan,nan,12.596467763323266,<
3,178.1399890645791,51.34961554,nan,nan,11.25152002813163,<
3,178.1399890645791,51.34961554,nan,nan,12.338628042068912,<
3,181.50276637819275,51.34961554,nan,nan,12.157443373079365,<
3,185.79564626801638,51.34961554,nan,nan,12.638279610013162,<
3,186.6663303623356,51.34961554,nan,nan,12.505875428828494,<
3,186.6663303623356,51.34961554,nan,nan,12.150474731964382,<
3,187.5410946964629,51.34961554,nan,nan,13.293331874821526,<
3,188.41995839140586,51.34961554,nan,nan,12.401345812103756,<
3,189.30294065777713,51.34961554,nan,nan,13.174864975866821,<
3,189.30294065777713,51.34961554,nan,nan,12.57556183997832,<
3,190.1900607962158,51.34961554,nan,nan,13.202739540326752,<
3,190.1900607962158,51.34961554,nan,nan,12.11563152638947,<
3,191.08133819780784,51.34961554,nan,nan,12.840370202347657,<
3,193.78030925799416,51.34961554,nan,nan,11.760230829525359,<
3,193.78030925799416,51.34961554,nan,nan,12.60343640443825,<
3,196.517402538029,51.34961554,nan,nan,12.429220376563686,<
3,197.43833141921473,51.34961554,nan,nan,12.582530481093302,<
3,197.43833141921473,51.34961554,nan,nan,12.05988239746961,<
3,199.2931565037253,51.34961554,nan,nan,13.028523512452187,<
3,201.16540665493613,51.34961554,nan,nan,12.791589714542779,<
3,202.10811722657684,51.34961554,nan,nan,12.505875428828494,<
3,204.96283849118606,51.34961554,nan,nan,12.840370202347657,<
3,205.92334476237912,51.34961554,nan,nan,11.383924209316298,<
3,207.85788190420996,51.34961554,nan,nan,13.0633667180271,<
3,208.8319550608641,51.34961554,nan,nan,12.721903303392954,<
3,208.8319550608641,51.34961554,nan,nan,12.700997380048006,<
3,209.81059296390077,51.34961554,nan,nan,13.00761758910724,<
3,209.81059296390077,51.34961554,nan,nan,12.038976474124661,<
3,210.7938170048441,51.34961554,nan,nan,12.617373686668214,<
3,211.78164867546462,51.34961554,nan,nan,13.43967333823616,<
3,211.78164867546462,51.34961554,nan,nan,12.324690759838946,<
3,213.77122137686777,51.34961554,nan,nan,12.464063582138598,<
3,214.77300589665967,51.34961554,nan,nan,12.248035707574138,<
3,215.77948502509736,51.34961554,nan,nan,12.735840585622919,<
3,215.77948502509736,51.34961554,nan,nan,12.666154174473093,<
3,215.77948502509736,51.34961554,nan,nan,12.617373686668214,<
3,216.79068076227156,51.34961554,nan,nan,12.478000864368564,<
3,219.85278917648893,51.34961554,nan,nan,12.777652432312815,<
3,219.85278917648893,51.34961554,nan,nan,12.526781352173442,<
3,220.88307341873406,51.34961554,nan,nan,13.453610620466124,<
3,222.95814902525825,51.34961554,nan,nan,11.718418982835463,<
3,224.0029857475091,51.34961554,nan,nan,12.903087972382501,<
3,224.0029857475091,51.34961554,nan,nan,12.680091456703058,<
3,226.10737122313185,51.34961554,nan,nan,12.533749993288424,<
3,227.16696597514385,51.34961554,nan,nan,12.122600167504451,<
3,229.30107531366053,51.34961554,nan,nan,13.27939459259156,<
3,229.30107531366053,51.34961554,nan,nan,12.910056613497483,<
3,234.72447460707852,51.34961554,nan,nan,11.725387623950445,<
3,234.72447460707852,51.34961554,nan,nan,12.540718634403406,<
3,235.82445122489986,51.34961554,nan,nan,12.484969505483546,<
3,240.27614743718016,51.34961554,nan,nan,12.234098425344174,<
3,241.4021405593014,51.34961554,nan,nan,13.599952083880758,<
3,242.53341036212765,51.34961554,nan,nan,12.60343640443825,<
3,247.11175267842503,51.34961554,nan,nan,12.408314453218738,<
3,249.43323237413878,51.34961554,nan,nan,12.777652432312815,<
3,249.43323237413878,51.34961554,nan,nan,12.380439888758808,<
3,251.7765211012693,51.34961554,nan,nan,12.533749993288424,<
3,262.5967459567146,51.34961554,nan,nan,11.906572292939993,<
3,268.8076501337988,51.34961554,nan,nan,13.321206439281456,<
