Metadata recorded on file /project/projectdirs/agora/paper_CGM/ThinTimeSteps/ENZO/081820_1H_new_cmbfloor_fine_dt/RD0077/RD0077 with agora_analysis version 1.0 on date 2022-04-08 17:28:31.273032
a, center_x, center_y, center_z, Rvir, L_x, L_y, L_z, bulk_velocity_x, bulk_velocity_y, bulk_velocity_z, unitary_conversion
0.1111111111111111, 0.4979580583040964, 0.5109495876461263, 0.5000890965811815, 11.808633628251386, -0.2801570839497196, -0.7549515085152023, 0.5929251454470538, -62.71841709291652, 92.89350524544228, 40.160003267708305, 0.00010520981830986952
0.11363636363636363, 0.49781033323839835, 0.511187511820167, 0.5001881333510924, 12.281781804606425, -0.9289049200247049, 0.36708230906692124, -0.048849031965780984, -63.32470108248741, 93.80486625313127, 40.4339388517905, 0.00010299206562545432
0.11627906976744186, 0.4976498103869681, 0.5114896497700007, 0.5002587493288928, 12.79981632532724, -0.9873223751172728, -0.08832330633789957, -0.13188449927997128, -63.529407376330546, 95.19738714554416, 40.31646719832206, 0.0001005058713165104
0.11904761904761904, 0.4974714946885059, 0.5117698581717206, 0.5003796380232811, 13.371765845261569, -0.938258360615372, 0.15530067652772, 0.30911639976776867, -62.487447633837625, 97.35966998033277, 39.12206039610262, 9.807667562488582e-05
0.12195121951219513, 0.4972826460163094, 0.512082584996643, 0.5004955509579705, 13.994084529294371, -0.28196176940143014, 0.808503796839697, -0.5165454201634244, -61.956664437242246, 98.88229165196965, 39.11582029634224, 9.560017928584056e-05
0.125, 0.4971140151179832, 0.5123241858005854, 0.5005907882369253, 14.293753318731953, -0.6274409771054043, 0.6041796362561661, -0.4912074789560744, -61.82317166013009, 100.05609701345175, 38.81877716741864, 9.352086681391588e-05
0.1282051282051282, 0.49687375277092927, 0.5125915789712848, 0.5007355869240542, 14.983140035127366, -0.9839925068803587, 0.14208929383805305, -0.1075610476887932, -61.26221012069887, 100.26036867853983, 38.04708966491047, 9.094666111590728e-05
0.13157894736842105, 0.49666630529095945, 0.5128489670366515, 0.5008717533684696, 15.74804719477502, 0.025468903834273787, -0.16556557407117758, 0.9858698573442449, -60.754720263552, 101.83766337662007, 37.95920718817685, 8.875292224419186e-05
0.13513513513513511, 0.49653220764887673, 0.5132092641828522, 0.5010146020789282, 14.516621481757193, -0.9842125521417846, -0.16500307697890884, 0.06402840614951365, -59.95293976202445, 103.32111145772048, 37.69311792853397, 8.655786237946662e-05
0.1388888888888889, 0.49634198627755827, 0.5135966738738127, 0.5012004858012095, 17.003114949515993, -0.0921456186709028, 0.5001481510330787, -0.8610232354460298, -57.053521850756894, 101.74444635300353, 38.8146163288546, 8.44527211547856e-05
0.14285714285714285, 0.49612510046149594, 0.5140174325709973, 0.5013664449813634, 17.79788382295787, -0.6362520207739185, -0.09445872755541418, -0.7656767691720295, -57.53120335089689, 101.62311253562225, 38.94673946545225, 8.184792175817106e-05
0.14705882352941177, 0.4959398272721951, 0.5143375772717846, 0.5015199909532946, 18.576161530519858, -0.03126350182724039, -0.2644495676494295, 0.9638926390545411, -58.42237049618834, 101.10279957693614, 38.929021875973405, 7.968932204372676e-05
0.15151515151515152, 0.49575572824427666, 0.5148596118118149, 0.5017245918213672, 19.61923343672303, -0.3103425595239466, 0.10676147982080354, -0.9446107569653216, -60.080374570913015, 99.41602279130232, 36.35765244610143, 7.70652052133286e-05
0.15625, 0.4954621608200519, 0.5152798828779813, 0.5018975222604969, 20.6071673395883, -0.6957412756525891, 0.7162356206226471, 0.05431954624810037, -60.61098264828768, 101.16330837275214, 36.14517400615435, 7.456611041920144e-05
0.16129032258064516, 0.49528711152170984, 0.5156013888067732, 0.502018973647369, 21.724816691301758, -0.4740984211237969, 0.5236463982881912, 0.7078312910911244, -60.6906481420416, 102.29823969480545, 35.09409897290099, 7.276935266759342e-05
0.16666666666666666, 0.49497962720585964, 0.5161355244584296, 0.5022276956327506, 23.73217828767566, -0.38139081780593087, 0.8626933039028208, 0.3321164065422824, -59.21476328037084, 98.83980308182596, 30.23359117260796, 7.015125758269617e-05
0.1724137931034483, 0.49475413880109237, 0.5164803971728994, 0.5022988992111797, 25.710822501991743, -0.6212567934582741, -0.7310912150869455, 0.28203835165565155, -57.32311817316782, 112.84952999273546, 40.591874622482706, 6.809464717224117e-05
0.17857142857142858, 0.49443472061292293, 0.5170179792474576, 0.5023698754266283, 29.009067228855425, -0.2715182590223846, -0.5996657777923562, -0.7527807050942137, -57.4596258631167, 126.97922216958521, 53.99307342235169, 6.535554748746174e-05
0.18518518518518517, 0.4943720568278625, 0.5174978451853492, 0.5021462291680587, 31.609620884101165, -0.6082633162309978, -0.21258397629154835, -0.7647377270357097, -58.59127757409908, 133.0507752146851, 62.041203474786094, 6.320283783090968e-05
0.1923076923076923, 0.49404806801069506, 0.5183812232455458, 0.5024809776236195, 34.175836018654074, -0.6805366907920299, -0.7291285859273181, 0.07239694516664673, -58.88415409429682, 132.87463240793102, 64.92089258512404, 6.063328884103204e-05
0.2, 0.493575722249946, 0.5190571152642107, 0.5030816926935776, 36.58591717371447, 0.7614231727350717, -0.5835936050162578, 0.2822290846213151, -59.049094556455515, 132.8800091486072, 64.05735660447337, 5.8474970223715214e-05
0.2040816326530612, 0.49346007027084043, 0.5194404361899284, 0.5032055338851582, 37.53860752364313, 0.7377290181209281, -0.5531289693437871, 0.3870455258687423, -59.7860783345467, 133.54086139907997, 65.55816991885288, 5.722331985102531e-05
0.20833333333333334, 0.4933563240660901, 0.5197974703919731, 0.5033066182683983, 38.59739669781935, 0.06256152001756335, -0.9977972719245056, -0.022060379713553784, -59.86740039869703, 133.50945046120745, 66.56624754658463, 5.6285049918998304e-05
0.2127659574468085, 0.4930648002246893, 0.520262782315575, 0.5036131806466013, 39.26835940513707, 0.6651220431304921, -0.7272499012606011, 0.16947049553938842, -60.276562938256546, 133.60417347110325, 67.2893558543857, 5.490509633685212e-05
0.2173913043478261, 0.49291505487966997, 0.5205975549151047, 0.5037800725163161, 40.36246252912455, 0.6867448227707913, -0.7132441472922915, 0.14022957873004643, -60.201415529370855, 134.09029863719746, 67.94692080527021, 5.399173171754783e-05
0.2222222222222222, 0.4926539385224953, 0.5211085262904722, 0.5040069860698312, 41.054561919519585, 0.7068355965259672, -0.7018654047041311, -0.08813848854664141, -58.85366043771871, 135.180240388543, 68.65840404080633, 5.265827787062754e-05
0.22727272727272727, 0.4924529044032437, 0.5216199239925523, 0.5041688425584918, 42.32190618249784, 0.38942836571951195, -0.9208950306997558, 0.017259501891011223, -58.29064221024404, 135.40633225036413, 69.43706337414625, 5.137759433263522e-05
0.23255813953488372, 0.4922578014825009, 0.5221438346891834, 0.5044065142975207, 43.50723481198269, 0.3900438020215362, -0.9181346067946677, 0.06996196331282856, -59.18891597741209, 136.01815281898843, 70.26643714200175, 5.010857836614724e-05
0.23809523809523808, 0.49210908746481696, 0.5224964763719256, 0.504591835469804, 44.845663384266615, 0.7061330539203828, -0.7043983830167685, -0.07210428672718232, -60.00620766398817, 136.15070890201886, 69.56439204729712, 4.9281440521310556e-05
0.24390243902439027, 0.49188062133256777, 0.5230065583913428, 0.5048402302651541, 46.43836985499901, 0.7169353143280708, -0.6610647622471255, -0.22135296515850372, -62.827712619787704, 136.58318306292836, 69.01555620820439, 4.808316476495225e-05
0.25, 0.4915356477599858, 0.5235888160156466, 0.5051038032936409, 48.330395947218044, 0.668789335257337, -0.7024875685841068, 0.2433763362178812, -65.21249077789467, 136.88445697220743, 68.45282913955143, 4.678221274628201e-05
0.25641025641025644, 0.4913388107686308, 0.5241053795609372, 0.505298457219602, 49.63416479028278, 0.17182758383918648, -0.8699431464655455, -0.4622490706855058, -66.54134982866799, 138.50197362368039, 69.31010397909199, 4.573820268966106e-05
0.2631578947368421, 0.4910135964389511, 0.5246201182294387, 0.5056205889161496, 52.44517954347974, 0.5600419521040605, -0.7842280720844262, 0.26709425834004236, -66.79715299224432, 140.06043020583917, 69.2038725450804, 4.46229421723565e-05
0.27027027027027023, 0.4906557442759172, 0.5253821953715861, 0.50589498612158, 54.95070607981423, 0.6547661371224859, -0.6821648501407996, 0.3254726146852891, -69.36805994621366, 152.96841724793356, 79.89552396880048, 4.318796533105622e-05
0.2777777777777778, 0.4904097750998518, 0.5259536928480761, 0.5061285593795372, 57.822528402307434, 0.6100036221954573, -0.7688424521591333, 0.19177295082037182, -71.14083264706898, 158.1957051007339, 85.0323606274277, 4.2133907976511514e-05
0.2857142857142857, 0.4901844584742755, 0.526563215688037, 0.5062606033305809, 61.40646256385484, 0.4780479133504632, -0.6754568868386223, 0.5614518559623297, -74.20379396134592, 159.57631954339217, 91.69235916973427, 4.108147075657644e-05
0.29411764705882354, 0.4899369192982734, 0.5276433901328633, 0.5066578451386561, 66.47058038902242, 0.4943231429362185, -0.7624937316372662, 0.4174301613102911, -81.37956184800282, 158.69220204891545, 93.14896457014497, 3.9744506168396366e-05
0.30303030303030304, 0.48955738322824977, 0.5282921304826514, 0.5070433204880204, 69.60118160635348, 0.3570440368789003, -0.643097434417024, 0.6774549767884652, -77.49670983613734, 156.14515507415385, 85.87231704336624, 3.875901525147152e-05
0.3125, 0.4889337643697569, 0.5292304162450928, 0.5077735286242606, 74.32074822817397, 0.5017583225807358, -0.67516100958924, 0.5407367167590938, -77.05459654430582, 156.69385485794365, 82.54649333614331, 3.751691621519231e-05
0.3225806451612903, 0.4882141579293961, 0.5300728595149388, 0.5083880762614171, 79.27618694421956, 0.5050041183200931, -0.7700457511286545, 0.38987226324586316, -76.6559763640428, 157.36927643087603, 81.49356510145354, 3.628576833841303e-05
0.3333333333333333, 0.48775486223739345, 0.5309904831315599, 0.5088936875271308, 83.18819469835293, 0.4100151543119737, -0.6705768191704897, 0.6182348282212162, -81.87901435165823, 157.75701766167938, 80.83113648027425, 3.5106613355231966e-05
