Metadata recorded on file /project/projectdirs/agora/paper_CGM/ThinTimeSteps/CHANGA/Cal4_noSB_new/6.0e51/output/ncal-IV.000494 with agora_analysis version 1.0 on date 2023-02-02 15:27:23.356799
a, center_x, center_y, center_z, Rvir, L_x, L_y, L_z, bulk_velocity_x, bulk_velocity_y, bulk_velocity_z, unitary_conversion
0.1111111111111111, -0.002200955175794661, 0.01131889456883073, 0.00018935083789983767, 11.014306139565209, -0.5366977506951948, 0.23023123778832788, -0.8117567995065843, -63.54288163517546, 95.81348598151486, 42.60038750906475, 0.00010521054538267904
0.11363636363636363, -0.0023460810771211986, 0.01157724391669035, 0.00030276653706096113, 12.749725736481222, -0.9454897550406364, -0.26223323670604737, 0.19308768132604304, -63.839649151402966, 96.47800260523903, 42.7250267788356, 0.00010294263779982353
0.11627906976744186, -0.002479928312823176, 0.011853396426886318, 0.00039341501542367036, 13.375169083197274, -0.9565715696661018, 0.05671827082700597, 0.2859263364241297, -63.554875916266724, 97.25499001399153, 42.14021716862204, 0.00010079285886060223
0.11904761904761904, -0.0026384006487205625, 0.01214042864739895, 0.0004958344507031143, 12.299711008732691, -0.8060982862239732, 0.26094682172680705, -0.5311424565758714, -63.22159233651892, 99.1469910322541, 41.69430684203673, 9.842139318433775e-05
0.12195121951219513, -0.002844122122041881, 0.012439619284123182, 0.0006384601292666048, 12.873862537488126, 0.3509811292554293, 0.8861781786201994, -0.3024904670299044, -61.86044843789321, 102.16815963517229, 41.15689581589905, 9.587500950767947e-05
0.125, -0.0030429165344685325, 0.012723730877041817, 0.0007574212213512511, 14.988526827352526, -0.1434761535444876, 0.867582670552865, -0.4761458842838375, -61.33820644414884, 103.49180532081411, 41.302818374073624, 9.348674878097766e-05
0.1282051282051282, -0.0032515216153115034, 0.013006204273551704, 0.0008875388011801988, 15.736502161340766, 0.3547666988588759, 0.9236005306933335, -0.14526750869953184, -60.336061090734724, 103.04722204120479, 40.285182063336045, 9.124144377272866e-05
0.13157894736842105, -0.003445572918280959, 0.013336407020688059, 0.0010417095618322492, 14.570680146473824, -0.6391926144079672, 0.7521208266089581, 0.16045891644706306, -60.173047167161435, 104.25835996309691, 39.89545263140244, 8.886993662033102e-05
0.13513513513513511, -0.003629422048106789, 0.013683341909199953, 0.0011758605251088736, 15.311108386058104, -0.3702931230556612, 0.5645659225897651, -0.7376640983998424, -58.33663595272398, 104.29526702949137, 39.548239552240894, 8.6526744611916e-05
0.1388888888888889, -0.0038098128279671077, 0.0140234618447721, 0.001333356718532741, 17.793882920928496, 0.3047715046619351, 0.8007845611626727, -0.5156146007917208, -58.17272424011202, 105.15479361722173, 39.564356245264655, 8.433158791497253e-05
0.14285714285714285, -0.0039956094697117805, 0.014403861016035078, 0.0014958190149627628, 18.74675692870779, -0.9242454200030904, 0.29618071873374047, -0.24093025018389896, -58.72081167022884, 105.24568031306819, 39.894673517371466, 8.195587353112327e-05
0.14705882352941177, -0.004193023080006242, 0.014803343918174505, 0.0016188799636438491, 19.518811625732845, -0.1601022847664771, 0.42688848625625203, -0.8900188080677844, -59.49525353797985, 105.32340223157244, 40.54901532869281, 7.954589653174947e-05
0.15151515151515152, -0.004402824444696307, 0.015230891760438682, 0.0017619048012420537, 20.716670463724874, 0.25248671076812756, 0.44376259156549397, -0.8598402312130834, -61.71014505681295, 104.31000463258327, 38.85110472842565, 7.730481202967231e-05
0.15625, -0.004628799157217146, 0.015690105035901073, 0.001923160045407713, 21.716128118917965, 0.03239808299961976, 0.3387588686283386, -0.9403152626346112, -62.68190908359044, 104.95579549178616, 38.482097442216634, 7.487951989873634e-05
0.16129032258064516, -0.00488880928605795, 0.016153987497091293, 0.0021224699448794127, 22.902177394569126, 0.7325062686448669, 0.4924038113219181, -0.4700777095243116, -62.355991634703926, 105.31424984903795, 37.60031524791046, 7.248090687773283e-05
0.16666666666666666, -0.005139582557603717, 0.016581560485064987, 0.002324808039702475, 24.639439885807878, 0.8813588255926663, 0.2359670017391681, -0.40929963918887485, -60.50363470332272, 101.5107627998142, 34.00935485862028, 7.026445341682197e-05
0.1724137931034483, -0.005456165177747606, 0.017079917713999748, 0.00248841755092144, 26.807064500876116, 0.8911712036663105, 0.2138250213593898, -0.40011591570018307, -58.272362493324856, 106.09758422128606, 35.10558788054766, 6.781549640294444e-05
0.17857142857142858, -0.0057463948614895335, 0.017542101442813873, 0.0025875339051708575, 30.10206607388392, 0.9265251395152858, -0.25218434658904243, -0.27920283161464865, -57.346341579477595, 124.04971454654104, 50.60378092963215, 6.556782381098523e-05
0.18518518518518517, -0.005966628901660443, 0.018007138743996624, 0.0025875935098156337, 32.661776398048424, 0.90094364758626, -0.35433894108805647, -0.2504884402573498, -57.756566224926736, 130.78249598556332, 57.58321886675728, 6.316639876914455e-05
0.1923076923076923, -0.006072594318538903, 0.01876311562955379, 0.002679684665054083, 35.81266143020735, 0.8660612074800299, -0.489355587562066, -0.10231858980663153, -58.89823831651524, 133.09699409674346, 62.30938789254981, 6.0871657813151004e-05
0.2, -0.006445618346333504, 0.01952572539448738, 0.003098232671618461, 38.287179746268805, 0.8119952021414645, -0.5789117672397216, 0.07433005751796921, -59.57832341078632, 134.59740708093815, 64.47442973072576, 5.850000032179344e-05
0.2040816326530612, -0.0066530166659504175, 0.019869240000844002, 0.003292091307230294, 39.240331600409135, 0.8100667190319879, -0.5047500538235505, 0.2983610126706793, -59.95122285410889, 135.44682962079662, 65.29784881865751, 5.7354051080082425e-05
0.20833333333333334, -0.006857732543721794, 0.020259704440832135, 0.003501440631225705, 40.68500575323429, 0.8046771402162997, -0.5447486596674924, 0.23610082126877102, -60.35359283350259, 135.94703241364655, 66.08697600127869, 5.61800320042102e-05
0.2127659574468085, -0.0070807323791086665, 0.020696650259196755, 0.003722401219420135, 41.63315069606449, 0.7858960585454682, -0.5639881461693405, 0.2535443869289335, -60.699678454847586, 136.15562023060482, 67.22193442571933, 5.498584913478029e-05
0.2173913043478261, -0.007285357918590308, 0.021130076609551907, 0.003913363441824913, 42.74329454619596, 0.7739627172746533, -0.5649233351238507, 0.2860827462490187, -60.923155193351086, 136.75675596978294, 68.26428888681527, 5.3852286487925904e-05
0.2222222222222222, -0.007500011008232833, 0.02162014506757259, 0.004123585531488061, 43.59778500951624, 0.7420165967953664, -0.6140641895627534, 0.2689545336611037, -60.2688223239662, 137.43080014629942, 69.22433586912089, 5.2634811027404426e-05
0.22727272727272727, -0.007715834071859717, 0.022078840993344784, 0.004353263881057501, 45.12966141222646, 0.7382981079028741, -0.5671241500980059, 0.3650836921072355, -60.14306167186194, 138.27270025734435, 69.67534004637469, 5.148281228830721e-05
0.23255813953488372, -0.007934424094855785, 0.022558584809303284, 0.0045930370688438416, 46.20777010716451, 0.7874562861207377, -0.5411690557821409, 0.2950400828918012, -60.28649684597026, 138.2587531485177, 69.91521736112693, 5.0328311528563e-05
0.23809523809523808, -0.00816994160413742, 0.023077622987329963, 0.004833380924537778, 47.491367416251144, 0.6539654633941837, -0.6436683548073894, 0.39751757408595056, -61.64479188020782, 138.50518235510933, 69.91821977936416, 4.911739024094541e-05
0.24390243902439027, -0.008414899464696646, 0.023594786413013935, 0.005083433585241437, 49.358560438551315, 0.6624393943660969, -0.6308998943228584, 0.403905152400022, -64.00513751656581, 138.71569992738958, 68.65220870989333, 4.797538347236824e-05
0.25, -0.008665503934025764, 0.024167540483176708, 0.005336659261956811, 51.09333230183431, 0.6642382434061872, -0.6418745968613597, 0.3831247289078712, -65.6269401262439, 138.95534141711204, 67.71698952849525, 4.6791480703385436e-05
0.25641025641025644, -0.008927446790039538, 0.024743598885834217, 0.005596773000434041, 52.61930634336412, 0.5955650144281518, -0.6897054744424749, 0.41183573438116805, -67.74801979884616, 139.1175072581359, 67.8735617431619, 4.5627259714889625e-05
0.2631578947368421, -0.009223641827702522, 0.025360095314681523, 0.005883008008822799, 55.691508519477516, 0.5466892084899326, -0.7093607154898275, 0.4449025563428591, -67.93761036439838, 140.34188151720076, 67.79455046128133, 4.443884441482284e-05
0.27027027027027023, -0.009543539024889471, 0.025978036224842075, 0.006154544884338976, 58.13638473151301, 0.5229035224829333, -0.7280777629761632, 0.44325464152625205, -68.14698517453981, 142.87383600383214, 68.44383757034801, 4.327972415102972e-05
0.2777777777777778, -0.009873613249510525, 0.026615926995873448, 0.006420587189495563, 60.82853152760315, 0.4416246880904193, -0.7651941355558809, 0.4684501785461586, -69.2420220530212, 146.82239875792575, 70.53421354186906, 4.2110289622296545e-05
0.2857142857142857, -0.010193879250437021, 0.02729117125272751, 0.006671649636700749, 64.73809976863859, 0.35520772195768574, -0.7843467633391762, 0.5085544504780091, -72.9109801431682, 157.3731563825568, 79.3857146981816, 4.0938805414967745e-05
0.29411764705882354, -0.010495670139789581, 0.028017782606184483, 0.006916023092344403, 69.39342520976375, 0.23203085537827867, -0.7992380698808478, 0.5544187855814064, -77.93156159794029, 159.30129574164732, 85.50272261214296, 3.977239361338794e-05
0.30303030303030304, -0.010776771698147058, 0.0288610216230154, 0.007167345378547907, 73.07949630977555, 0.2363855957805668, -0.7905482285591698, 0.5649383580793793, -81.16312198465855, 161.55169047973845, 90.19742864429587, 3.8617078993549515e-05
0.3125, -0.0111595643684268, 0.029846578836441037, 0.007640508236363529, 77.88989871709335, 0.27482018809844067, -0.8045626593719246, 0.5264530286340029, -78.46147883221995, 160.13939974268092, 84.18236101182256, 3.74473558425066e-05
0.3225806451612903, -0.011681710835546255, 0.03078044485300779, 0.00823748856782913, 82.84075934589546, 0.2852326439196338, -0.7836883933941559, 0.5517923893113263, -78.29400965984084, 160.7762944229073, 83.02403356201998, 3.6273812375950916e-05
0.3333333333333333, -0.012310652062296867, 0.031677043065428734, 0.008832805790007114, 86.90793909944736, 0.280508763697659, -0.7595078263411985, 0.5869094437945931, -81.0796136981321, 161.6270696752416, 82.37501511022153, 3.510543073924051e-05
0.3333333333333333, -0.012310652062296867, 0.031677043065428734, 0.008832805790007114, 86.90793909944736, 0.280508763697659, -0.7595078263411985, 0.5869094437945931, -81.0796136981321, 161.6270696752416, 82.37501511022153, 3.510543073924051e-05
0.3448275862068965, -0.012825996149331331, 0.032629597932100296, 0.009318811818957329, 90.18597826632143, 0.28887276862648115, -0.73157503741509, 0.6175358193474944, -83.0634915698786, 162.88408720521724, 82.20655985221559, 3.392552030679495e-05
0.35714285714285715, -0.013277685735374687, 0.033682871609926224, 0.009864720050245522, 94.6605742112264, 0.2879980665569903, -0.7232238170656968, 0.6276977171285225, -84.37901686810315, 163.7108757027742, 82.4439658232864, 3.27679743354484e-05
0.37037037037037035, -0.013821627479046585, 0.0348130464553833, 0.010471560992300512, 99.0650702302383, 0.2542485583606093, -0.7367956308780109, 0.626490118749391, -86.71361651790005, 165.53134158187294, 84.01927987704069, 3.159621737567266e-05
0.3846153846153846, -0.014372730627655983, 0.03586646914482116, 0.011007036082446573, 106.8013675523064, 0.2848459495998639, -0.7371530614232187, 0.6127545585558121, -88.6271406114062, 166.76280026457928, 87.87850515275612, 3.053617522785592e-05
