Metadata recorded on file <unknown> with quasarscan version <unknown> on date <unknown> (before version 3.0.1)
a, center_x, center_y, center_z, L_x, L_y, L_z, bulk_velocity_x, bulk_velocity_y, bulk_velocity_z, Rvir, Mvir, Lmag, sfr, Mstar, Mgas, compaction_stage
0.17, -0.0965243, 0.129891, 11.5336, 0.0914169, -0.476421, -0.874452, -49.5954, 7.93075, 0.0914169, 14.0, 15521500000.0, 45.6028, 0.0164418, 40424000.0, 1297630000.0, pre
0.18, 0.345652, -0.050516, 36.5999, -0.507031, -0.580977, -0.636698, -7.72456, -26.7256, -0.507031, 16.75, 22512700000.0, 74.6949, 0.437504, 81635300.0, 2086940000.0, pre
0.19, 0.529244, -0.538767, -6.45044, -0.341018, -0.424202, -0.838904, -18.9191, 14.4935, -0.341018, 19.0, 27661000000.0, 35.1541, 0.505795, 108288000.0, 2519780000.0, pre
0.2, 0.076551, -0.168497, 35.9123, -0.102098, -0.728279, -0.677633, -14.6313, -15.2658, -0.102098, 21.25, 33363400000.0, 46.8713, 0.703749, 173373000.0, 2932710000.0, pre
0.21, 0.022392, -0.00426512, 15.5273, 0.498819, -0.211109, 0.840602, -25.4031, -4.65383, 0.498819, 23.0, 36568000000.0, 37.8099, 2.233, 394710000.0, 2720770000.0, pre
0.22, 0.0301399, 0.289474, 24.1211, 0.514143, -0.756579, 0.404036, -27.5482, 2.75283, 0.514143, 24.75, 40151700000.0, 21.4201, 0.533626, 440246000.0, 2430110000.0, pre
0.23, 0.00061815, -0.253302, 29.797, 0.065248, -0.997851, -0.00602514, -14.0549, -4.60312, 0.065248, 26.75, 44218900000.0, 28.1979, 0.447429, 514815000.0, 2642640000.0, pre
0.24, 0.417555, 0.0892875, 28.4502, 0.272726, -0.131131, -0.953113, -32.0449, -9.48436, 0.272726, 28.75, 48523700000.0, 54.5554, 0.321694, 553854000.0, 2950990000.0, pre
0.25, -0.321779, 0.034544, 1.82542, -0.495331, 0.423247, -0.758624, 3.4819, 2.1207, -0.495331, 31.25, 55026100000.0, 75.0877, 0.878983, 629676000.0, 3419820000.0, pre
0.26, -0.304877, -0.397669, -7.65015, -0.891914, 0.350566, -0.285646, -40.4944, -4.78812, -0.891914, 33.25, 58837600000.0, 50.5174, 0.280369, 686293000.0, 3683090000.0, pre
0.27, -0.293586, -0.099959, 1.12427, -0.796804, -0.455669, -0.396824, -20.9149, 8.40576, -0.796804, 36.75, 70667800000.0, 106.419, 1.01239, 813096000.0, 4413680000.0, pre
0.28, -0.0129418, 0.236947, -8.59958, -0.869079, -0.478686, -0.124746, 10.195, 19.3129, -0.869079, 42.0, 96211300000.0, 140.171, 0.275188, 868104000.0, 6408500000.0, pre
0.29, -0.19569, -0.220346, 8.9682, -0.911981, -0.382234, -0.148953, 2.53697, -16.9813, -0.911981, 45.75, 110473000000.0, 190.924, 0.816736, 947166000.0, 7642130000.0, pre
0.3, 0.33981, -0.129864, -13.9143, -0.943092, -0.331537, -0.0256821, 5.74118, 17.7421, -0.943092, 48.0, 117308000000.0, 188.338, 1.73025, 1159330000.0, 8295460000.0, pre
0.31, 0.105449, 0.145176, 5.18199, -0.998596, 0.00235702, 0.0529214, -10.1942, 23.1422, -0.998596, 50.75, 124523000000.0, 225.708, 0.820937, 1219210000.0, 8506810000.0, pre
0.32, -0.165829, 0.131545, 5.39882, -0.990751, -0.131045, 0.0352041, 1.67064, 7.40565, -0.990751, 53.0, 129849000000.0, 276.405, 2.32045, 1608620000.0, 8544470000.0, pre
0.33, -0.0845035, 0.503556, 6.10307, -0.964537, 0.0921991, -0.24732, 5.97898, 23.9109, -0.964537, 54.5, 129747000000.0, 293.521, 1.69965, 1640050000.0, 8461630000.0, pre
0.34, -0.216213, 0.562686, 4.87803, -0.840306, 0.42926, -0.331091, 20.6863, 18.2534, -0.840306, 56.5, 132405000000.0, 273.826, 1.21415, 1831030000.0, 8709740000.0, pre
0.35, -0.284873, -0.0875458, -3.45439, -0.857644, 0.138701, -0.495186, -18.7793, 12.244, -0.857644, 58.5, 135997000000.0, 295.764, 2.01412, 2062470000.0, 9186700000.0, pre
0.36, -0.177446, 0.20738, 14.8838, -0.72632, 0.140408, -0.672863, -7.98042, 0.239881, -0.72632, 61.0, 143430000000.0, 220.415, 4.70103, 2601230000.0, 9215940000.0, pre
0.37, -1.00574, -0.570349, -7.5931, -0.659343, 0.210571, -0.721753, -33.131, 16.1326, -0.659343, 65.0, 159599000000.0, 261.754, 0.991806, 2752940000.0, 9484220000.0, pre
0.38, 0.402588, -0.00714061, 11.3729, -0.706666, 0.222627, -0.67161, -9.39622, -9.98452, -0.706666, 74.25, 221291000000.0, 359.068, 1.41079, 2970060000.0, 13778500000.0, during
0.39, 1.03197, -0.901804, 3.82908, -0.838057, 0.251, -0.484417, -3.08332, -11.6373, -0.838057, 80.75, 264963000000.0, 373.735, 1.34361, 3130520000.0, 17516100000.0, during
0.4, -0.399547, 0.324159, -60.1986, -0.941426, 0.136386, -0.30841, 67.902, -59.6028, -0.941426, 88.0, 319761000000.0, 198.946, 5.25811, 4242600000.0, 20847600000.0, during
0.41, 0.153131, 1.04318, 38.3998, -0.498241, 0.862635, 0.0872765, 22.9129, -16.5536, -0.498241, 92.25, 340714000000.0, 271.854, 1.4256, 3968460000.0, 21407500000.0, during
0.42, 1.02172, -0.495913, 2.40878, -0.468856, 0.879021, 0.0865782, -16.5881, -9.78444, -0.468856, 95.75, 355279000000.0, 300.178, 0.914805, 4124430000.0, 21564600000.0, during
0.43, -0.213716, 0.0413438, 69.8994, -0.593754, 0.753898, -0.281237, -7.76406, 23.143, -0.593754, 99.0, 368968000000.0, 249.365, 3.67329, 5227590000.0, 22103400000.0, during
0.44, -1.17203, -0.0958684, -34.2646, -0.900293, 0.308302, -0.307281, 12.0638, 37.8805, -0.900293, 101.75, 377791000000.0, 289.733, 4.46084, 5769070000.0, 22018400000.0, during
0.45, -1.31097, 1.69296, -19.4436, -0.989999, 0.0528079, -0.130815, 15.9299, 30.4779, -0.989999, 104.5, 384134000000.0, 361.446, 3.00748, 6459980000.0, 21587700000.0, during
0.46, -0.536386, 0.478152, 9.20473, -0.979005, -0.141339, -0.146877, 0.0802479, -27.2303, -0.979005, 107.0, 388716000000.0, 290.009, 3.64953, 6785410000.0, 21319500000.0, during
0.47, -0.387313, 0.191309, 1.27464, -0.916052, 0.305121, -0.260287, 11.6677, 3.86726, -0.916052, 108.75, 385775000000.0, 395.172, 4.54704, 7569990000.0, 20914500000.0, during
0.48, -0.63666, -0.224799, 1.93213, -0.849756, 0.332587, -0.409024, -9.96051, 22.1236, -0.849756, 110.75, 383839000000.0, 400.669, 6.91121, 8080950000.0, 20731700000.0, during
0.49, -0.577277, 0.43969, 12.4688, -0.951212, 0.246736, -0.185249, 8.01503, 2.89409, -0.951212, 113.0, 386752000000.0, 596.534, 3.64472, 8909490000.0, 20753700000.0, during
0.5, 0.131646, 0.0620778, 8.76478, -0.84324, 0.189236, -0.503126, 6.01948, 3.7919, -0.84324, 115.25, 388473000000.0, 696.93, 4.78617, 9457970000.0, 20519600000.0, post
