Metadata recorded on file <unknown> with quasarscan version <unknown> on date <unknown> (before version 3.0.1)
a, center_x, center_y, center_z, L_x, L_y, L_z, bulk_velocity_x, bulk_velocity_y, bulk_velocity_z, Rvir, Mvir, Lmag, sfr, Mstar, Mgas, compaction_stage
0.11, 0.0681709, -0.0488261, -16.7073, 0.886169, -0.290463, 0.36102, -10.9629, 7.61766, 0.886169, 6.5, 5800330000.0, 5.20655, 0.248482, 16965600.0, 536504000.0, pre
0.12, 0.059045, 0.046264, 9.52419, 0.602251, 0.717631, -0.349713, -4.47238, 7.83636, 0.602251, 8.0, 8387590000.0, 11.4114, 0.682459, 71278800.0, 677144000.0, pre
0.13, -0.087151, -0.0692395, 29.1448, 0.850382, 0.386836, -0.356663, -1.86283, 8.52352, 0.850382, 9.75, 11293400000.0, 25.1867, 0.21691, 95070700.0, 858611000.0, pre
0.14, -0.0590031, 0.173155, -3.88202, 0.351452, 0.893235, 0.280381, 4.68651, -1.21117, 0.351452, 12.0, 16952500000.0, 15.7039, 0.469997, 136473000.0, 1159880000.0, pre
0.15, -0.127351, 0.175734, 13.0092, 0.218232, 0.776615, 0.590968, -4.73039, -10.4301, 0.218232, 15.0, 27157600000.0, 41.242, 0.389187, 188105000.0, 1986250000.0, pre
0.16, -0.023591, 0.242547, 11.1748, 0.246376, 0.466171, 0.849696, 5.64515, 11.8495, 0.246376, 19.25, 47433400000.0, 60.4183, 0.996541, 270338000.0, 4022520000.0, pre
0.17, 0.0486518, 0.0739202, -6.96047, -0.265792, 0.0240892, 0.963729, 10.0722, 19.8936, -0.265792, 22.0, 57944400000.0, 8.59158, 3.43011, 566202000.0, 4914410000.0, pre
0.18, 0.0832463, 0.434048, 3.11713, -0.949184, 0.21159, 0.232978, 11.0875, 13.1217, -0.949184, 24.5, 67156300000.0, 80.6377, 4.47003, 1007040000.0, 5269430000.0, pre
0.19, -0.163764, -0.0438404, 34.5896, -0.626467, 0.657264, 0.418979, 12.6789, 16.3108, -0.626467, 27.0, 77174800000.0, 77.8747, 3.19954, 1417090000.0, 5977120000.0, pre
0.2, -0.884791, 0.694223, 36.692, -0.867766, 0.319233, 0.380884, 41.0185, 37.4703, -0.867766, 29.0, 83314400000.0, 231.722, 2.56457, 1636630000.0, 6505520000.0, pre
0.21, -0.403533, 0.121132, -1.98114, -0.865263, 0.196208, 0.461326, 29.5669, 29.4169, -0.865263, 31.0, 88359400000.0, 171.689, 2.21787, 1865460000.0, 6817840000.0, pre
0.22, -0.2419, 0.250155, 5.26977, -0.841981, -0.230161, 0.487948, 11.6824, 18.3837, -0.841981, 33.5, 97606700000.0, 121.225, 4.31632, 2356680000.0, 6906010000.0, pre
0.23, -0.0564977, 0.217602, 15.1535, -0.5129, -0.404744, 0.757044, 17.2628, 15.6276, -0.5129, 37.0, 113899000000.0, 127.065, 2.55951, 2734570000.0, 8684110000.0, pre
0.24, 0.0367861, -0.125013, 8.11733, -0.530735, -0.515264, 0.672922, 4.60684, 18.2576, -0.530735, 41.25, 135330000000.0, 107.207, 3.51044, 3245940000.0, 10289300000.0, during
0.25, -0.0337461, -0.125743, 2.63429, -0.327683, -0.626178, 0.707478, -14.7344, -29.9622, -0.327683, 43.75, 148427000000.0, 98.0078, 8.33776, 3970400000.0, 10757700000.0, during
0.26, 0.00226553, 0.00126252, 0.731779, -0.0169263, -0.489574, 0.871797, 2.25089, 4.36723, -0.0169263, 47.5, 169047000000.0, 37.3581, 14.3448, 5612080000.0, 10616200000.0, during
0.27, -0.00767664, 0.00857582, 3.03785, -0.380013, -0.0902409, 0.920569, -4.22074, 1.03208, -0.380013, 54.25, 225698000000.0, 43.5128, 12.1096, 7297950000.0, 13739600000.0, during
0.28, 0.0966722, 0.46024, 11.0206, -0.97806, -0.168255, 0.122836, 55.4611, 17.7669, -0.97806, 58.25, 251919000000.0, 161.482, 10.8505, 8780270000.0, 15257500000.0, during
0.29, -0.075739, -0.0104962, -8.04094, -0.895204, -0.441947, 0.0573746, 3.36793, 5.80921, -0.895204, 62.5, 278964000000.0, 105.211, 12.3548, 10239400000.0, 16962800000.0, during
0.3, 0.401649, 0.308951, -1.60117, -0.606326, -0.702862, 0.371959, 19.386, 31.4452, -0.606326, 66.0, 299091000000.0, 405.93, 7.63179, 11205300000.0, 17810400000.0, during
0.31, 0.101762, 0.79363, -1.46817, -0.673497, -0.620703, 0.401409, 1.33904, 12.4642, -0.673497, 69.5, 316577000000.0, 352.774, 13.0769, 12591000000.0, 17841500000.0, during
0.32, -0.0209462, 0.144251, 2.31805, -0.646395, -0.515274, 0.562731, -6.5708, -7.07412, -0.646395, 73.5, 340825000000.0, 306.449, 11.6756, 14693200000.0, 16912100000.0, post
0.33, -0.0881003, 0.517576, 5.51539, -0.585766, -0.675159, 0.448373, 0.543794, 11.2028, -0.585766, 76.75, 356601000000.0, 419.657, 8.7521, 15758000000.0, 16315500000.0, post
0.34, 0.21487, 0.752662, -1.70488, -0.584529, -0.618249, 0.525447, 4.63578, -11.9067, -0.584529, 79.25, 360423000000.0, 474.319, 6.32182, 16502100000.0, 15940200000.0, post
0.35, -0.955202, -0.314389, 21.7114, -0.617874, -0.634987, 0.463706, -0.392814, 17.2407, -0.617874, 81.75, 364362000000.0, 642.414, 5.06053, 17019900000.0, 15527800000.0, post
0.36, 0.0134978, 0.401474, 8.73952, -0.680079, -0.600147, 0.421089, 14.1744, 7.18588, -0.680079, 84.25, 367270000000.0, 893.474, 3.44594, 17294700000.0, 15338900000.0, post
0.37, 0.168976, -0.133706, -7.44719, -0.714947, -0.609283, 0.342965, 9.48647, -9.22159, -0.714947, 86.5, 370054000000.0, 776.94, 3.10667, 17576300000.0, 15571400000.0, post
0.38, -0.8663, -0.373569, 11.7131, -0.756226, -0.5924, 0.277821, -4.39492, 9.3439, -0.756226, 89.25, 374804000000.0, 841.574, 2.77067, 17938600000.0, 15779800000.0, post
0.39, -0.554019, -0.622068, 0.815385, -0.798774, -0.557856, 0.225291, -4.07529, -3.44665, -0.798774, 91.75, 378686000000.0, 891.881, 4.39559, 18406600000.0, 16007500000.0, post
0.4, -0.149789, 0.701357, -6.85583, -0.796719, -0.560074, 0.22706, 15.0826, 3.25916, -0.796719, 94.25, 382505000000.0, 923.905, 5.34892, 19018300000.0, 15993500000.0, post
0.41, 0.668607, 0.976278, -16.3453, -0.813685, -0.517141, 0.265482, 27.6427, -4.82072, -0.813685, 96.75, 385577000000.0, 1012.53, 3.43167, 19347100000.0, 15909400000.0, post
0.42, 0.660503, 0.619712, -15.4376, -0.844377, -0.485275, 0.227016, 32.5366, 2.72846, -0.844377, 99.5, 391030000000.0, 1068.92, 3.02434, 19702700000.0, 16329700000.0, post
0.43, -1.09072, 0.620461, 5.77018, -0.904336, -0.37797, 0.198282, 23.3752, 14.6777, -0.904336, 102.75, 400970000000.0, 1158.46, 2.71707, 20166400000.0, 16957400000.0, post
0.44, -1.02493, -0.0937773, -1.60829, -0.91162, -0.3843, 0.145815, 8.19332, 30.0114, -0.91162, 105.5, 405559000000.0, 1166.72, 4.07888, 20664600000.0, 16796700000.0, post
0.45, -0.673107, -0.0418183, -6.28535, -0.948053, -0.309781, 0.0723287, 10.3938, 16.3266, -0.948053, 108.0, 409823000000.0, 1124.14, 2.961, 20804800000.0, 16597100000.0, post
0.46, -1.83551, -0.16159, 6.60667, -0.95784, -0.282554, 0.0520111, -35.8405, 41.2286, -0.95784, 110.5, 412554000000.0, 1148.28, 3.76994, 21356900000.0, 16390300000.0, post
0.47, -0.811419, -1.40348, 8.89562, -0.96883, -0.235733, 0.0761488, -30.7144, 12.9954, -0.96883, 113.0, 416139000000.0, 1467.2, 1.18189, 21379300000.0, 16230000000.0, post
0.48, -1.41671, -0.742632, 6.91135, -0.975967, -0.211254, 0.0534894, -15.9408, 15.7341, -0.975967, 115.5, 418413000000.0, 1445.29, 1.3617, 21670900000.0, 16111300000.0, post
0.49, -1.08447, -2.53907, 14.9095, -0.973529, -0.222939, 0.0503872, -54.5834, 23.1097, -0.973529, 117.75, 420226000000.0, 1745.17, 1.04003, 21731600000.0, 16085800000.0, post
0.5, -0.707243, -2.7439, 19.9784, -0.974252, -0.219621, 0.0509846, -67.5007, -2.15902, -0.974252, 120.0, 420710000000.0, 1820.2, 1.55814, 21912900000.0, 16008200000.0, post
