a, center_x, center_y, center_z, L_x, L_y, L_z, bulk_velocity_x, bulk_velocity_y, bulk_velocity_z, Rvir, Mvir, Lmag, sfr, Mstar, Mgas, compaction_stage
0.1, -0.248146, -0.159279, -13.4608, -0.085719, 0.729144, -0.678971, -12.0451, -18.1261, -0.085719, 5.75, 5232730000.0, 16.5176, 0.156559, 27286900.0, 297108000.0, 297108000.0
0.11, -0.00344813, 0.0108651, -4.06301, -0.960968, -0.163013, 0.223532, 58.422, 27.1378, -0.960968, 7.25, 7405560000.0, 17.255, 0.0560464, 37075000.0, 453260000.0, 453260000.0
0.12, -0.0271532, 0.0196465, -0.378163, -0.959603, 0.0622255, -0.274389, -1.88281, 6.00143, -0.959603, 8.5, 9460360000.0, 3.32537, 0.447024, 66079200.0, 557749000.0, 557749000.0
0.13, -0.147252, -0.153349, 17.5345, -0.155444, 0.756499, 0.635252, -1.46884, -10.5538, -0.155444, 10.5, 14606000000.0, 1.30839, 0.259941, 90169200.0, 843304000.0, 843304000.0
0.14, -0.120634, 0.12682, 6.85154, 0.643242, 0.644714, -0.413018, -32.4263, -20.322, 0.643242, 13.5, 24049600000.0, 35.8689, 0.398808, 130453000.0, 1819750000.0, 1819750000.0
0.15, -0.368871, -0.22056, -19.4102, 0.538019, 0.284471, 0.793481, 19.5715, -6.97943, 0.538019, 15.75, 31284000000.0, 47.2838, 0.155681, 147653000.0, 2586770000.0, 2586770000.0
0.16, -0.189039, -0.444039, 27.6004, -0.46773, -0.410396, 0.782818, -36.5014, -16.0143, -0.46773, 17.75, 36963700000.0, 81.7816, 1.11179, 219074000.0, 3290350000.0, 3290350000.0
0.17, 0.262033, 0.119935, -1.90557, -0.0186711, -0.235299, 0.971744, -10.418, -3.9845, -0.0186711, 20.0, 45150500000.0, 46.262, 1.47563, 327734000.0, 4137780000.0, 4137780000.0
0.18, 0.157421, -0.0897553, 10.7994, 0.815257, -0.566437, 0.120441, 29.7543, 19.6693, 0.815257, 22.0, 49399000000.0, 23.3416, 1.12612, 438306000.0, 4958670000.0, 4958670000.0
0.19, 0.0678598, -0.102891, -0.736011, -0.714762, -0.669405, 0.202516, -26.936, -8.4495, -0.714762, 23.75, 54118800000.0, 45.559, 3.29766, 747304000.0, 5226310000.0, 5226310000.0
0.2, 0.0518604, -0.205403, 1.34934, -0.744743, -0.606077, -0.279335, -18.6591, -1.79048, -0.744743, 26.75, 65689300000.0, 87.4476, 2.66789, 1039320000.0, 6225360000.0, 6225360000.0
0.21, 0.261777, -0.177834, 8.87468, -0.74955, -0.544602, -0.376275, -11.1328, -22.6176, -0.74955, 30.25, 82719100000.0, 114.416, 2.84358, 1395610000.0, 7470800000.0, 7470800000.0
0.22, 0.0322743, 0.134299, -15.237, -0.67518, -0.611853, -0.41203, 5.68591, -20.843, -0.67518, 34.5, 108427000000.0, 204.107, 2.06405, 1700270000.0, 9709990000.0, 9709990000.0
0.23, 0.352602, -0.0611316, -11.792, -0.582654, -0.537492, -0.609603, -3.98487, 0.396094, -0.582654, 37.75, 122526000000.0, 203.057, 3.52582, 2047050000.0, 10785500000.0, 10785500000.0
0.24, -0.218048, -0.28544, -18.4738, -0.491284, -0.673658, -0.55211, 0.705005, 7.68635, -0.491284, 40.5, 132983000000.0, 137.298, 5.49685, 2628420000.0, 10874100000.0, 10874100000.0
0.25, -0.100644, 0.190812, -44.2105, -0.360673, -0.82797, -0.429395, 20.8516, 22.7966, -0.360673, 43.0, 142223000000.0, 167.399, 5.34013, 3201400000.0, 10916600000.0, 10916600000.0
0.26, -0.0896779, 0.0962584, -0.205464, -0.270922, -0.745595, -0.608843, -5.08079, 4.43791, -0.270922, 45.5, 148939000000.0, 121.37, 7.42281, 4242270000.0, 10768400000.0, 10768400000.0
0.27, 0.270309, 0.0117627, -32.7311, -0.356519, -0.801424, -0.480222, 0.612895, 16.2069, -0.356519, 47.25, 148791000000.0, 339.846, 5.59271, 4981850000.0, 10700500000.0, 10700500000.0
0.28, 0.454385, 0.173596, -15.1696, -0.286004, -0.770755, -0.569331, 14.2632, -13.3002, -0.286004, 48.75, 148292000000.0, 348.642, 2.62142, 5287410000.0, 10884900000.0, 10884900000.0
0.29, 0.0660984, 0.131532, -21.3259, -0.0214342, -0.823329, -0.567159, -23.4534, 8.66061, -0.0214342, 50.25, 147119000000.0, 328.373, 3.01835, 5640590000.0, 11472000000.0, 11472000000.0
0.3, -0.0325137, 0.802542, -7.6706, -0.108048, -0.866041, -0.488158, 14.7341, -11.4371, -0.108048, 51.5, 143709000000.0, 365.014, 4.98675, 6077740000.0, 11595600000.0, 11595600000.0
0.31, 0.0115848, 0.147505, 5.58026, -0.253417, -0.82501, -0.505111, -3.79409, -1.30578, -0.253417, 53.25, 144800000000.0, 311.819, 3.87587, 6554310000.0, 11543200000.0, 11543200000.0
0.32, -0.0187723, 0.0998442, 22.813, -0.223204, -0.874245, -0.431134, -3.89118, 22.3308, -0.223204, 54.75, 144300000000.0, 404.222, 5.26074, 7060270000.0, 11030000000.0, 11030000000.0
0.33, 0.134301, -0.0984529, 12.8463, -0.187686, -0.854295, -0.48472, 0.866917, -12.3734, -0.187686, 57.0, 148635000000.0, 356.033, 3.09062, 7595830000.0, 10380600000.0, 10380600000.0
0.34, 0.541905, -0.724261, 15.2822, -0.240379, -0.834937, -0.495074, -5.53952, 4.73031, -0.240379, 60.25, 160105000000.0, 351.49, 5.72204, 8385770000.0, 9852520000.0, 9852520000.0
0.35, -0.111662, 0.541843, 3.30776, -0.238671, -0.856826, -0.457039, 12.48, -16.8746, -0.238671, 62.5, 165858000000.0, 363.889, 3.30684, 8732650000.0, 9341540000.0, 9341540000.0
0.36, 0.157635, -0.209027, 10.899, -0.266459, -0.881244, -0.390395, -2.47913, -2.57013, -0.266459, 65.25, 173130000000.0, 342.154, 4.09878, 9278390000.0, 8961770000.0, 8961770000.0
0.37, 0.262788, -0.582832, 22.6324, -0.346446, -0.906968, -0.239553, -17.559, -3.4996, -0.346446, 68.25, 183766000000.0, 416.601, 2.1664, 9732610000.0, 8767800000.0, 8767800000.0
0.38, 0.422009, -0.345058, 6.6486, -0.382629, -0.882138, -0.27464, 14.5614, -29.9059, -0.382629, 75.5, 231974000000.0, 434.926, 2.55868, 10171000000.0, 11578400000.0, 11578400000.0
0.39, 0.41974, 0.022493, 14.4012, -0.433759, -0.859411, -0.270676, -3.43362, -16.0217, -0.433759, 80.75, 263928000000.0, 465.675, 1.85889, 10441800000.0, 14261800000.0, 14261800000.0
0.4, 0.363422, -0.400648, -6.07572, -0.446593, -0.887092, -0.116712, -4.8789, -6.42716, -0.446593, 84.5, 282045000000.0, 481.706, 2.37337, 10715300000.0, 14976100000.0, 14976100000.0
0.41, -0.0915176, -0.0817942, 14.4528, -0.338213, -0.932987, -0.123074, -15.3072, 31.4919, -0.338213, 88.5, 302417000000.0, 537.172, 1.48381, 10965100000.0, 15435200000.0, 15435200000.0
0.42, 0.235781, 0.241787, 2.88593, -0.0651056, -0.997854, -0.00691454, 16.7257, 53.2115, -0.0651056, 91.75, 314759000000.0, 1001.49, 2.47488, 11256200000.0, 15494000000.0, 15494000000.0
0.43, 0.246815, -0.6399, 37.6679, -0.197105, -0.931463, -0.30582, -21.4087, 11.4516, -0.197105, 95.25, 328667000000.0, 561.665, 2.55298, 11448000000.0, 15558700000.0, 15558700000.0
0.44, 0.116245, -0.045913, 27.6042, -0.166349, -0.928315, -0.332505, 10.7643, -25.7468, -0.166349, 104.5, 410490000000.0, 493.075, 2.72584, 11836200000.0, 19050100000.0, 19050100000.0
0.45, 0.148243, 0.024404, -27.5134, -0.206131, -0.950295, -0.233345, 3.15085, -18.2041, -0.206131, 109.5, 444259000000.0, 346.928, 6.65526, 15862400000.0, 19496000000.0, 19496000000.0
0.46, -0.0676591, -0.367697, -11.2459, -0.053605, -0.991012, -0.122564, -26.2095, 20.6145, -0.053605, 113.0, 459958000000.0, 437.591, 4.62523, 16084500000.0, 18712400000.0, 18712400000.0
0.47, 0.169674, -0.451871, 51.5519, -0.231211, -0.972901, 0.00215349, -7.26113, -3.2704, -0.231211, 116.0, 469366000000.0, 438.258, 4.07165, 16881300000.0, 17415200000.0, 17415200000.0
0.48, 0.0665599, -0.0185521, -3.89841, -0.0211734, -0.965984, 0.257735, -0.408307, -10.8367, -0.0211734, 118.5, 471877000000.0, 379.562, 6.05982, 17674300000.0, 15526600000.0, 15526600000.0
0.49, -0.174568, -0.0211061, 51.7937, -0.0901574, -0.946472, 0.309938, -89.8529, 302.336, -0.0901574, 120.75, 472575000000.0, 238.788, 5.14149, 26120700000.0, 13392800000.0, 13392800000.0
0.5, 0.109552, 0.0208309, -18.5249, 0.233311, -0.736678, 0.634722, 2.65624, -11.0765, 0.233311, 123.0, 472637000000.0, 344.997, 2.76791, 25767800000.0, 11522300000.0, 11522300000.0
