a, center_x, center_y, center_z, L_x, L_y, L_z, bulk_velocity_x, bulk_velocity_y, bulk_velocity_z, Rvir, Mvir, Lmag, sfr, Mstar, Mgas, compaction_stage
0.1, 0.134224, -0.0504997, -34.4294, 0.725613, 0.175746, 0.665281, 24.6357, 19.1206, 0.725613, 5.0, 3185910000.0, 12.4842, 0.0338822, 6122680.0, 240308000.0, pre
0.11, 0.169617, -0.109726, -27.1123, 0.193684, 0.487692, 0.85126, 0.993032, 18.304, 0.193684, 6.5, 5892880000.0, 13.1648, 0.103707, 13084200.0, 515106000.0, pre
0.12, 0.0789313, 0.181823, -6.87431, 0.890098, -0.281347, 0.358564, -3.33217, 10.3373, 0.890098, 8.5, 10050100000.0, 8.48573, 0.366363, 34990900.0, 1003780000.0, pre
0.13, 0.0634587, -0.138741, -18.6109, 0.230518, 0.972911, -0.0174797, 10.945, 15.3255, 0.230518, 10.5, 14236100000.0, 3.39245, 0.529235, 92529100.0, 1317460000.0, pre
0.14, 0.113635, 0.061372, -50.0456, 0.480121, 0.65421, 0.584374, 16.0937, 4.92656, 0.480121, 13.5, 25034500000.0, 19.922, 0.647867, 144770000.0, 2443230000.0, pre
0.15, 0.103882, -0.427017, -21.8168, 0.992055, 0.116806, -0.0467264, 10.4436, -1.08371, 0.992055, 15.25, 29027100000.0, 43.5063, 0.438864, 172834000.0, 2810480000.0, pre
0.16, 0.329972, -0.0498967, 13.3178, 0.753875, -0.631012, 0.183022, 0.502702, 25.816, 0.753875, 17.0, 33298200000.0, 55.5091, 1.14153, 264308000.0, 3531590000.0, pre
0.17, -0.0544652, 0.0157358, -21.3574, 0.49869, -0.124616, 0.857776, -3.43351, 12.4671, 0.49869, 18.0, 33113000000.0, 8.91664, 2.66118, 525432000.0, 3815700000.0, pre
0.18, -0.0114676, -0.00364982, -2.11935, -0.434022, -0.442271, 0.78487, -2.00853, 4.97524, -0.434022, 22.75, 55691900000.0, 12.2575, 4.3666, 1133060000.0, 5617890000.0, pre
0.19, 0.0159401, 0.0119652, -3.48213, -0.562457, 0.163673, 0.810465, 9.02348, -2.74027, -0.562457, 30.5, 114976000000.0, 30.6349, 7.70615, 1980930000.0, 9793300000.0, pre
0.2, 0.0024156, -0.00965787, -4.08478, -0.820622, 0.120185, 0.55869, -0.694525, 0.65331, -0.820622, 34.25, 140808000000.0, 32.1889, 15.9925, 5085530000.0, 10396600000.0, pre
0.21, 0.0979188, 0.0272879, 4.81958, -0.517852, -0.0698623, 0.852613, -10.9431, -0.52191, -0.517852, 40.75, 205341000000.0, 53.7941, 8.55607, 6224970000.0, 14376200000.0, pre
0.22, 0.0340025, -0.211222, -24.2821, -0.387292, -0.868452, 0.30951, -0.467024, -14.4408, -0.387292, 50.25, 331999000000.0, 306.415, 11.5468, 7798460000.0, 29231300000.0, during
0.23, -0.13693, 0.895355, 14.5801, -0.569046, -0.641792, 0.514092, 64.3584, 20.9735, -0.569046, 57.0, 424165000000.0, 395.088, 35.9687, 11062200000.0, 39193000000.0, during
0.24, 0.0107459, -0.134571, -4.43355, -0.450802, -0.837231, -0.309553, -3.2672, 3.45721, -0.450802, 63.0, 503109000000.0, 202.629, 48.7491, 19523000000.0, 41536500000.0, during
0.25, 0.330284, -0.0359404, -8.71924, -0.609796, -0.539505, -0.580589, 28.3872, 6.54973, -0.609796, 69.75, 608832000000.0, 457.533, 48.3401, 26125000000.0, 46252300000.0, during
0.26, 0.296543, -0.0912467, 19.5344, -0.645927, -0.293986, -0.704521, -6.1242, 22.524, -0.645927, 75.0, 673795000000.0, 576.799, 36.287, 32062800000.0, 47333600000.0, during
0.27, 0.657969, -0.674371, -6.86684, -0.848313, 0.0700998, -0.524834, 4.75497, 14.7801, -0.848313, 79.75, 722378000000.0, 1052.41, 51.6621, 36671100000.0, 48471800000.0, during
0.28, 1.29254, -0.401828, 6.59276, -0.878999, 0.0141846, -0.476612, 5.10558, -24.0708, -0.878999, 85.0, 781499000000.0, 1269.39, 39.3043, 41703100000.0, 51024400000.0, during
0.29, 1.62882, -1.70876, 6.9203, -0.866494, -0.0563668, -0.495996, -2.20936, -14.5724, -0.866494, 89.0, 811039000000.0, 1597.01, 33.792, 43846100000.0, 54283600000.0, post
0.3, 1.67961, -0.486928, -6.81569, -0.848819, -0.0690098, -0.52416, 38.055, -0.675985, -0.848819, 92.5, 829679000000.0, 1647.3, 23.7106, 46994600000.0, 57078900000.0, post
0.31, 0.402777, -0.540845, -34.5714, -0.824478, -0.0588867, -0.562822, -8.74675, 45.0916, -0.824478, 96.75, 865501000000.0, 1560.85, 32.6324, 50916000000.0, 60089300000.0, post
0.32, 0.731232, -1.13809, 7.16864, -0.850294, -0.0677097, -0.521934, 2.08925, -6.86412, -0.850294, 100.25, 879493000000.0, 1774.24, 26.5054, 54932200000.0, 60086500000.0, post
0.33, 2.08374, -0.230345, 46.9809, -0.826951, 0.0449652, -0.560474, 60.9274, -37.3267, -0.826951, 104.25, 904041000000.0, 2229.75, 23.2431, 57540000000.0, 60052300000.0, post
0.34, 2.08025, 0.505362, 11.6706, -0.823359, -0.0217928, -0.567102, 76.3812, -14.996, -0.823359, 109.0, 943513000000.0, 2176.06, 15.3544, 58854700000.0, 62222800000.0, post
0.35, 1.36634, 1.04758, -15.1317, -0.827486, 0.0195642, -0.561145, 91.8083, 36.1765, -0.827486, 117.75, 1077100000000.0, 2319.82, 14.0947, 61289000000.0, 72201400000.0, post
0.36, 0.694843, 0.91058, -25.7733, -0.807558, -0.00158558, -0.589786, 57.0138, 59.692, -0.807558, 123.75, 1174230000000.0, 2349.01, 13.4281, 63535300000.0, 79161500000.0, post
0.37, -0.168182, 0.236088, -56.5916, -0.810406, -0.116331, -0.574203, -14.8567, 92.7521, -0.810406, 129.0, 1235490000000.0, 2396.01, 21.4624, 66527700000.0, 82995400000.0, post
0.38, 0.0635949, 1.31265, -23.3303, -0.825717, 0.0195092, -0.563747, 41.5778, 50.8433, -0.825717, 135.75, 1316460000000.0, 2697.62, 19.5912, 69850300000.0, 86223300000.0, post
0.39, 1.84651, -1.65372, -1.60245, -0.812211, 0.0686464, -0.579311, -13.6444, 10.0383, -0.812211, 140.75, 1371650000000.0, 3025.33, 9.8024, 69225100000.0, 88707500000.0, post
0.4, -3.55194, 0.981607, -38.5326, -0.840322, -0.00737854, -0.542038, 94.1606, 73.3079, -0.840322, 145.0, 1411680000000.0, 3578.1, 30.6845, 73243700000.0, 88749500000.0, post
0.41, 1.0816, 1.78147, 0.642379, -0.88325, 0.0356098, -0.467549, 130.787, 7.51246, -0.88325, 149.5, 1440920000000.0, 3523.52, 18.3732, 73551600000.0, 88879100000.0, post
0.42, 0.339578, 1.51097, -29.5507, -0.847767, 0.0799815, -0.524303, 81.0384, 33.485, -0.847767, 154.25, 1473760000000.0, 3322.5, 9.94264, 74801900000.0, 93483100000.0, post
0.43, 1.86772, -0.157578, 11.2097, -0.821385, 0.108946, -0.559873, 28.1347, 2.99804, -0.821385, 158.0, 1478040000000.0, 3613.1, 17.0207, 77825500000.0, 93722100000.0, post
0.44, -0.736727, 2.07161, -24.7878, -0.848432, 0.108556, -0.518053, 53.4496, 58.7758, -0.848432, 161.75, 1485920000000.0, 3571.79, 35.5308, 81215900000.0, 90927800000.0, post
0.45, 1.93349, -0.919173, 37.8292, -0.850139, 0.137386, -0.50832, 41.5203, -84.014, -0.850139, 165.5, 1488500000000.0, 3169.89, 29.7982, 86835900000.0, 86172000000.0, post
0.46, 1.15224, -0.691951, -10.0828, -0.812571, 0.314166, -0.490946, 71.243, 38.3622, -0.812571, 168.75, 1490850000000.0, 2883.37, 24.3573, 89734300000.0, 81375300000.0, post
0.47, 2.61163, 1.48024, 13.3028, -0.824796, 0.289625, -0.485623, 59.2741, 16.349, -0.824796, 172.25, 1497120000000.0, 3319.06, 19.3469, 92727200000.0, 76420900000.0, post
0.48, 1.41779, -1.00987, -20.4618, -0.867042, 0.312685, -0.387901, -0.442156, 31.6045, -0.867042, 176.5, 1510830000000.0, 3501.32, 16.5948, 97645800000.0, 73610900000.0, post
0.49, -0.123621, 1.13115, -2.52852, -0.87635, 0.328415, -0.352355, 39.5152, 24.3495, -0.87635, 179.75, 1513770000000.0, 3271.4, 10.5266, 102261000000.0, 71204500000.0, post
0.5, -0.363702, -0.713272, -6.93724, -0.900382, 0.299056, -0.316035, 19.6759, 17.0713, -0.900382, 183.0, 1510930000000.0, 3669.25, 10.1827, 101520000000.0, 68805000000.0, post
0.51, 0.726427, 1.18558, 10.822, -0.911545, 0.245102, -0.330167, 72.7845, 10.1158, -0.911545, 185.75, 1508980000000.0, 4339.51, 12.0731, 104529000000.0, 66188600000.0, post
0.52, 0.42389, -0.716131, 3.70466, -0.905242, 0.261705, -0.334734, 40.8106, 14.2909, -0.905242, 189.25, 1514400000000.0, 4666.2, 11.6681, 103068000000.0, 64079100000.0, post
0.53, 2.88917, 2.17532, 14.7969, -0.903452, 0.289613, -0.316067, 64.9315, 14.2746, -0.903452, 193.0, 1522170000000.0, 4535.48, 7.47373, 105301000000.0, 61748900000.0, post
0.54, -0.116557, 0.516618, -14.4666, -0.906542, 0.275457, -0.319853, 40.8896, 57.5281, -0.906542, 196.5, 1528860000000.0, 4638.48, 6.624, 107633000000.0, 60421700000.0, post
