Metadata recorded on file /project/projectdirs/agora/paper_CGM/ThinTimeSteps/GEAR/Cal4 with quasarscan version 3.0.3 on date 2021-11-19 13:14:33.214817
a, center_x, center_y, center_z, Rvir, Mvir, bulk_velocity_x, bulk_velocity_y, bulk_velocity_z, Mgas, Mdm, Lmag, L_x, L_y, L_z, Mstar, sfr
0.11111111111077351, 0.49775240844520613, 0.5113843201736933, 0.5004898454870699, 5.77, 16959132479.996698, -52.23340152373723, 96.75420074580512, 36.98606068003506, 3909097533.6295595, 12983498323.654543, 7.570031625136121e+68, 0.3031127046742016, 0.5050196266621447, -0.8081323313363463, 455795.6471763775, 0.0075191604390345244
0.11354625912360009, 0.4976732091643676, 0.5115486106670734, 0.500478387144754, 5.997322901746887, 18802325094.99515, -57.17475537555194, 93.46659819009038, 37.94344669444252, 4345160275.974497, 14376105241.029902, 3.524714835301488e+69, -0.5900695430066342, -0.19370181482100993, 0.7837713578276442, 31412389.44421499, 0.10625440156164506
0.11633288217789371, 0.49756884710338556, 0.5118345483912359, 0.5005449562073577, 6.913539714499279, 22091954973.18026, -68.93821738456097, 93.84615946207022, 40.37208607978631, 4890484615.445941, 17108406767.68309, 2.1420630638405117e+69, -0.6025442863714132, -0.17591260847854487, 0.7784568948499581, 21116644.963831674, 0.040956237921715995
0.11918789381765599, 0.4973722649180237, 0.5121513455145908, 0.5006274432511907, 7.364447613006874, 23897487171.43999, -72.92887140593736, 101.61380622371571, 46.645068978457616, 5263284451.608511, 18527469839.107212, 1.2220298041314287e+69, -0.646327837458889, -0.10891853277059863, 0.7552463702294875, 18122458.498139713, 0.17969677591235977
0.12211297241845462, 0.4971466136994564, 0.5123994902403755, 0.5007705423217074, 7.6656769603311, 25339241227.700954, -66.97327467732173, 104.2012931046323, 43.62610192342845, 5674675473.717779, 19534492383.644203, 3.615514700179714e+69, 0.4609075246666559, 0.35321839759829166, -0.8141259222649475, 52374154.7058463, 0.26060278964888833
0.1249999999995926, 0.496975584919544, 0.5125865672099522, 0.5008291686697512, 6.554299353087401, 22544529497.427223, -60.64432865122324, 104.51164814166154, 35.04519140947337, 5782828800.588675, 16606865634.545885, 8.145722749144961e+68, 0.14246790278931118, -0.7674933660571157, 0.6250254632678045, 27109252.496716958, 0.3027179548339217
0.12818025096296679, 0.4967383125981164, 0.5129011182377965, 0.5009989604695272, 7.803179298336571, 26145455507.6938, -63.82854165803868, 109.90256542618606, 44.959787103336495, 6385796801.562766, 19570799233.349422, 1.4918514004822662e+70, -0.6740831401692742, -0.06196837979712709, 0.7360515199664014, 64023340.03705672, 0.3502718667548031
0.13172462840914917, 0.49660107290719296, 0.5132360143336735, 0.5011195009286088, 8.031532166437014, 27140057773.68278, -56.87152723479806, 110.99763304851602, 42.28923451574261, 6776994961.128004, 20141013787.634483, 2.770212320275775e+69, -0.805128160016249, 0.5201501525747213, 0.2849780074415278, 93759311.50844915, 0.24403186646518507
0.13495738032168578, 0.4963910141487662, 0.5135648882894129, 0.5012682640660661, 8.317346282851561, 29657332131.018536, -64.94230401828574, 101.72271565747012, 36.38017353098332, 7362778581.563832, 22033191699.015755, 1.4087297996019628e+70, -0.7865051967685448, 0.5831398849309353, 0.20336531183760964, 125520736.53919424, 0.22934814242519397
0.13868915562571638, 0.49625953618110996, 0.5139695110024528, 0.5013903670263727, 8.671204069022666, 32152786614.349216, -59.28829104684092, 108.62889896162366, 43.96100256350955, 7850020831.813935, 23980814954.5205, 1.1408645642743287e+70, -0.3802876706527087, 0.8158721834632697, -0.43558451281056093, 109298670.87069584, 0.4832550301021463
0.14285714285691453, 0.4959224590939396, 0.5141400840528413, 0.5016276718999094, 8.42, 31080925669.654068, -55.91954691470568, 103.84269406730549, 27.60550261603422, 8095927009.151671, 22614101294.299248, 5.739565963385783e+67, -0.330638330566642, -0.48121677398848656, 0.8118551045551281, 2775345.7680045757, 0.009236838307023473
0.14690968934354703, 0.4958172506781273, 0.5147553840143759, 0.501726304789733, 9.904496323002647, 35338398230.4905, -59.42719858800541, 120.21236810335073, 42.190723320507786, 8728875658.04006, 26189059472.2503, 1.271325126807039e+70, 0.7082263707933593, -0.0022445227046882167, -0.7059818480886709, 106194421.5797747, 0.14562799918852645
0.1514302056396951, 0.49561607864541746, 0.5151129689301236, 0.501821649916563, 10.080563726113715, 35529877752.60278, -55.93455076874387, 107.47379578225218, 32.20229783331093, 9047012654.646307, 25993171352.91052, 8.940807474487844e+69, 0.7797396186231805, -0.18009708619909262, -0.5996425324240879, 102687144.0991399, 0.16113526716917181
0.1560898214579717, 0.49538030372099684, 0.515627552666868, 0.5020226266366198, 10.567022179235272, 37870341622.10122, -62.71885689682314, 122.79795261864827, 47.49678366729069, 9510191096.581078, 27798944590.962315, 3.673705468652439e+70, 0.3938030088289427, 0.42252516007290264, -0.8163281689018452, 133539935.50064221, 0.17757836278998126
0.16138117112397618, 0.4951163386703099, 0.5160649228014137, 0.5021952830219749, 11.102574552357787, 40506597649.20135, -61.81067303634701, 113.37885427969654, 46.489652974134806, 9953426829.347765, 29897424214.23448, 9.985226888003345e+69, 0.34538093588038393, 0.46803880940539067, -0.8134197452857747, 136274526.66206902, 1.0581420033074973
0.1666666666665822, 0.49487688535758906, 0.5165849101882277, 0.5024100618361854, 12.528062540994037, 49822836464.308395, -66.69786394916964, 99.82040586345245, 35.66951192490681, 11674672345.46734, 37365095867.169075, 6.183987877519986e+70, 0.5279204287265598, 0.27546078606205965, -0.8033812147886192, 327487403.4480587, 0.42505054118788377
0.17250807167930646, 0.49450400095068064, 0.5171034978343608, 0.5026378940460458, 13.507178898732311, 58703469167.16933, -67.6278710666939, 96.94214987557187, 18.502077677662065, 13327752184.596832, 44478705373.36596, 1.1962493082365603e+71, 0.206781614469009, 0.5806640318962429, -0.7874456463652519, 443001730.2935277, 6.092516230463164
0.17835599000567312, 0.49420536790406555, 0.5174903470959672, 0.5027038771706904, 15.783994012191037, 69714919432.93849, -58.60364347867035, 84.23035720728778, 9.319078902669167, 14494305692.841488, 54156873131.60899, 2.6130292257124302e+70, -0.6315500728578416, 0.7639473014174419, -0.13239722855960032, 655480760.9072644, 0.9289412032360728
0.18496186064163153, 0.4939588182316146, 0.5179176260767683, 0.5027501988215878, 17.50979847050672, 96201159472.85753, -52.48922827018687, 108.22276363622288, 43.725900181424116, 20133961888.846684, 74573143500.72958, 9.020354106325175e+70, 0.7853769954247278, -0.19933071717788356, -0.5860462782468444, 808077319.6127377, 1.5962363000513877
0.19239460020295646, 0.49384462543375923, 0.5184444168543325, 0.5026355502942085, 19.078177847215077, 132548567346.85765, -59.563773777280595, 136.30080531700867, 74.9610772735157, 25779916169.283714, 104455088050.36107, 2.4747312852885114e+71, 0.7093887376859914, -0.7048025151823899, -0.004586222503601512, 1066475738.023013, 2.35831064333658
0.19999999999955886, 0.4935375939430601, 0.5192601401500739, 0.5031277056279534, 25.4, 163918528795.84872, -62.7117326985352, 129.75381293854107, 54.95065764935673, 28667533191.05498, 132667480410.4471, 2.542540407738597e+71, 0.7425367566742961, -0.07719462272350494, -0.6653421339507913, 1432187818.556196, 1.836481436765852
0.20134274555770554, 0.493397, 0.51907, 0.503268, 25.4, 153269713297.60748, -63.405591052307955, 134.01839023872233, 54.89269329168622, 22280186497.15746, 125758765373.90446, 3.954063088318704e+70, 0.3967756405567573, -0.8163901004485907, 0.4196144598918334, 5230761426.545519, 0.30945849471105175
0.2037984211503217, 0.49330989194163494, 0.5196196456402437, 0.5032177122089311, 21.861819774471314, 143304516144.41736, -48.9401208540364, 134.46988724274956, 41.76898956181521, 27804970891.578297, 112628632409.19246, 7.19812214034807e+71, 0.6088459985839383, -0.7755704417197565, 0.1667244431358182, 1768371503.5047474, 11.333565738925735
0.20816814172639153, 0.49311975507382605, 0.5200020027108282, 0.5033819701502021, 21.92711004209864, 141459872496.28857, -67.28696821348548, 125.89814874216607, 70.14077802263463, 28476972289.105556, 109926445866.4033, 4.785435299372972e+71, 0.7158839768284527, -0.6979899244323847, -0.017894052396067995, 1751913912.7951074, 5.12534333447924
0.2126315551672301, 0.49290598537498975, 0.520405681412711, 0.5036094117347563, 21.67755123368809, 138847939176.54254, -52.74824785307961, 137.04767327484356, 61.229708261955004, 28741449467.818592, 106731443092.34407, 5.151831518230112e+71, 0.6910138999547768, -0.7221697203064551, 0.031155820351678475, 1800083070.550933, 2.5025112568077237
0.2171906703786105, 0.4927553667673283, 0.5208300632558247, 0.5037757530109941, 21.90225301053012, 139517626248.67212, -61.58102632959224, 134.42995662914234, 61.214455176296894, 29206712163.54117, 106649823042.61917, 3.843567912667362e+71, 0.8130841604628859, -0.4711223481410225, -0.34196181232186357, 1760839895.892046, 0.9108364976260934
0.22252090788644163, 0.49250572464453646, 0.5213301938562385, 0.5040036177729633, 21.742374439813197, 137578275051.20938, -64.99040142421377, 137.02545032478605, 63.70323830992491, 29457287823.510113, 104095678383.12415, 5.304927206844114e+71, 0.7949244724751509, -0.5589283698231583, -0.23599610265199264, 1774434174.0300012, 1.337914623370874
0.22729206452400907, 0.49230002786869587, 0.5217969259929692, 0.5042586960979335, 22.433860887413594, 142045217361.38675, -60.737656482352705, 142.89938325917575, 74.06595475150077, 29921098322.94668, 107782934491.55878, 2.712342917963517e+71, 0.5036364450219541, -0.8083815598179148, 0.30474511479596056, 1997413660.795705, 5.380523799520227
0.23287020784691784, 0.4920570589282189, 0.522310533166448, 0.5044826546068404, 23.145120924845905, 146369164954.51822, -68.03181916752996, 136.14758120149648, 68.38360697047179, 30467748922.935577, 111181143044.58829, 6.395550041016063e+71, 0.7924474432590002, -0.5665771403043396, -0.22587030295466082, 2418466710.3958178, 5.548313585336563
0.23786326781783768, 0.4918338165657067, 0.52278120410835, 0.504686365704041, 24.230899101462967, 152451436616.71338, -65.67922594879141, 140.61893211040953, 62.45035457603971, 31155749799.863705, 116247215096.47922, 4.70009904349643e+71, 0.7689731422468326, -0.6222053753381322, -0.14676776690870028, 2704359056.964771, 5.7801435258811
0.2437008468890185, 0.49160259893652547, 0.5233083529591116, 0.5049243867239723, 25.072942144291055, 157495260563.2263, -62.958193552010314, 134.89531205188533, 63.36789609154055, 31608481976.91339, 120393795070.95195, 9.85213368063851e+71, 0.786244285051066, -0.5838180868148742, -0.20242619823619173, 3303270812.7308064, 4.522401318973712
0.24999999999945688, 0.49133795029155264, 0.5238314327962666, 0.5051562228432217, 25.75909531489887, 160886229856.7075, -68.11175487634534, 131.2903768642367, 65.0666886599987, 32046370754.512127, 122900656391.296, 1.0779179821105278e+72, 0.7547720205939087, -0.6470884346398607, -0.10768358595404807, 3835853569.2445784, 14.069669991990262
0.2565857659915206, 0.4910730412297091, 0.5244096559058183, 0.5054224339894198, 26.44319289366186, 164158700794.16818, -65.16241672289608, 136.23814746434985, 63.776931515934955, 32444220968.755554, 125257787137.66193, 1.262812165310937e+72, 0.7212398411359807, -0.6920710009231597, -0.029168840212821245, 4341955280.42668, 10.325631243642343
0.26288282779200883, 0.4908299746329054, 0.5249704636371335, 0.5056674862648631, 28.264355172916037, 171877473802.83786, -65.30236811123889, 139.25851876333948, 60.94631759067702, 33258429466.70826, 131703800926.79851, 1.0729466031798148e+72, 0.6757829427070963, -0.734739125699146, 0.05895618299204939, 4793387029.471668, 7.308542553714505
0.27015193484098665, 0.4905224548605733, 0.5255854380775796, 0.5059338276194963, 29.96171340416467, 182071614282.5038, -63.426578806348004, 144.01395747998814, 58.411623841352736, 34130061139.967197, 140445026803.889, 1.2033176942799404e+72, 0.7237986820703094, -0.6891402322375874, -0.03465844983272187, 5538135447.242528, 7.551379719524124
0.2776220436724961, 0.49022268249014816, 0.5262282120189863, 0.5062084046576694, 30.901476079567033, 190907033083.19934, -72.66642492652063, 135.13822980974905, 63.283260612317555, 34537099161.03252, 148227357820.93546, 6.856009488720919e+71, 0.6446741622779303, -0.7562684332771076, 0.11159427099917726, 6077344472.552741, 7.42182522893387
0.28529871229159676, 0.48990087234203, 0.5268630432458329, 0.5064979882180236, 31.661740442010732, 194154853051.22284, -66.0726343522448, 151.50013613820067, 54.02903388764131, 33614398787.98698, 151691988207.53424, 9.529809763368352e+71, 0.5528699501397668, -0.7967724748470366, 0.24390252470726997, 6346583417.888675, 2.8889851561817004
0.2940775578799791, 0.48956744109105105, 0.5276294175445533, 0.5067846746406898, 35.84520683597966, 218179081635.2747, -68.16736529093258, 151.22713175002406, 54.585446347973175, 35793118608.28403, 172746865103.64032, 1.1229754428593203e+72, 0.8053457142324951, -0.5191362008150889, -0.2862095134174059, 7428116072.296794, 3.682784844966584
0.3031265348321123, 0.48925861923436503, 0.5284084871657263, 0.506961269831216, 36.93366917918807, 268136426391.68344, -79.94524284306398, 171.5306434989418, 95.6282923742417, 46412020264.39124, 210083534677.62927, 8.745963669215322e+71, 0.7543601408090764, -0.6477453739245623, -0.10661476688451395, 8396955216.006162, 8.619831656776114
0.31245395528086867, 0.4889622973874784, 0.5294606038759563, 0.5073107492718593, 40.623700168414125, 301386249597.6824, -92.79245668207881, 155.20179556967707, 87.90305607643221, 49909911128.05837, 238773263604.38232, 1.3413664771991466e+72, 0.5033623608134485, -0.8084304509830167, 0.3050680901695681, 9316670915.25279, 21.213992790250384
0.32304595363464406, 0.4883830326104435, 0.5303535407738963, 0.5079252679827816, 45.82271149663898, 327204457758.15735, -82.00812706193166, 175.77195865989862, 91.57264891371415, 52048991815.16005, 261293642565.7216, 2.0161227813844092e+72, 0.8163743530282035, -0.3959525212947406, -0.4204218317334628, 11866481481.55458, 9.15140517523222
0.3333333333331257, 0.48786848142580796, 0.5312417576160526, 0.5084869546210359, 45.30844282152446, 308994885199.6942, -92.98266558622282, 162.78170512828774, 98.23021573464464, 48920097973.86837, 245164113497.84277, 2.0398239808426824e+72, 0.6544836338640239, -0.7500164374487913, 0.09553280358476786, 12053273551.703796, 11.58827045309489
