Metadata recorded on file /global/project/projectdirs/agora/paper_CGM/ThinTimeSteps/RAMSES/Cal4/output_00079 with quasarscan version 3.0.3 on date 2021-11-15 16:48:45.158014
a, center_x, center_y, center_z, Rvir, Mvir, bulk_velocity_x, bulk_velocity_y, bulk_velocity_z, Mgas, Mdm, Lmag, L_x, L_y, L_z, Mstar, sfr
0.11120635089386, 0.4979580583040964, 0.5109495876461263, 0.5000890965811815, 5.512050899315131, 12876680156.880278, -62.56891767984962, 93.6654759054819, 41.8789916284591, 1707804046.364329, 119973315.94656964, 4.661467113452069e+68, 0.8164136317537483, -0.39812780724550073, -0.4182858245082475, 43461536.38743802, 0.2450150597927395
0.11120635089386, 0.4979580583040964, 0.5109495876461263, 0.5000890965811815, 5.512050899315131, 12876680156.880278, -62.56891767984962, 93.6654759054819, 41.8789916284591, 1707804046.364329, 119973315.94656964, 4.661467113452069e+68, 0.8164136317537483, -0.39812780724550073, -0.4182858245082475, 43461536.38743802, 0.2450150597927395
0.113600983739809, 0.49781033323839835, 0.511187511820167, 0.5001881333510924, 5.997322901746887, 14826476002.782867, -63.59942915670408, 90.41364577340453, 43.364842863215316, 1843901890.821961, 129549866.5483387, 9.66564912391658e+68, -0.566865534483224, -0.22548530019290783, 0.7923508346761319, 45038708.093460694, 0.22851693529051556
0.11641110931321902, 0.4976498103869681, 0.5114896497700007, 0.5002587493288928, 6.913539714499279, 17262971060.69128, -64.92355355562104, 87.81167675381572, 40.78775058562668, 1919954512.572196, 142940405.85841, 9.980726580689549e+68, -0.7465975115030403, 0.08703992730582748, 0.659557584197213, 58686041.538543254, 0.14012613650220448
0.119294418350757, 0.4974714946885059, 0.5117698581717206, 0.5003796380232811, 7.364447613006874, 18307466027.477707, -66.91454210955852, 91.9182606950157, 38.17955397414781, 1941864787.5648592, 156177024.60602143, 1.0453733071830561e+68, -0.4575950151913541, 0.8144211935528097, -0.35682617836145536, 59738008.111997165, 0.23375566483152077
0.12238470743306999, 0.4972826460163094, 0.512082584996643, 0.5004955509579705, 7.6656769603311, 18784495449.598213, -71.43690032574733, 92.62677825313385, 44.31182065617803, 1914433167.6985126, 162881240.6404334, 9.2354586573617e+68, -0.7481169907440135, 0.09079055486321708, 0.6573264358807963, 63998288.50962096, 0.23349317659341157
0.125105769129865, 0.4971140151179832, 0.5123241858005854, 0.5005907882369253, 6.554299353087401, 15294634403.321463, -62.49898693209163, 97.66641483245206, 44.057959506561005, 1604470374.2285576, 157841472.14216706, 6.785071302429915e+67, -0.3882984024993109, -0.42787834071481606, 0.816176743214127, 50063609.40380591, 0.017824865905202953
0.128646833527351, 0.49687375277092927, 0.5125915789712848, 0.5007355869240542, 7.803179298336571, 19152636686.07531, -56.12936192310343, 117.25632005854892, 46.195363257836235, 2251314080.7606735, 176636786.28498256, 3.126373357420985e+69, -0.7908953893129345, 0.21976797934289866, 0.5711274099700356, 87254476.00568685, 0.5128676312796266
0.131826644989284, 0.49666630529095945, 0.5128489670366515, 0.5008717533684696, 8.031532166437014, 19737288461.81687, -57.6192496155843, 121.99824484095055, 41.312357467531214, 2499134553.2632914, 204593462.4156457, 2.2190349979573572e+69, -0.6904516407650916, -0.032209470526498314, 0.7226611112915898, 74718706.76534373, 0.08577260213791803
0.135169696325843, 0.49653220764887673, 0.5132092641828522, 0.5010146020789282, 8.317346282851561, 21508760264.2291, -54.77237103527471, 106.23927427793446, 37.13505517446023, 2717822017.1161485, 237567821.33666748, 3.821043514082008e+69, -0.6692114110533388, -0.07050793962367535, 0.7397193506770141, 93840039.11659482, 0.3914176286456869
0.138539052530974, 0.49634198627755827, 0.5135966738738127, 0.5012004858012095, 8.671204069022666, 22637391882.913216, -58.597507889821486, 94.43916658393881, 39.71201189486112, 2826817890.63677, 272418649.35750896, 1.0463801102828707e+69, -0.13047476471608463, -0.6327828550485903, 0.763257619764675, 95253639.80792825, 0.06352287719620091
0.142948039743948, 0.49612, 0.513967, 0.501341, 8.42, 21902854228.73429, -55.033660255707844, 111.47292838230611, 38.61111380658405, 2677006740.5257835, 289348297.3626186, 3.1883956459931073e+69, -0.7565796214208367, 0.11241303974682412, 0.6441665816740125, 289348297.3626186, 0.6456484344827151
0.146820172042957, 0.4959398272721951, 0.5143375772717846, 0.5015199909532946, 9.904496323002647, 25297830900.38719, -59.43106552017264, 105.4542224635943, 33.70770847954713, 3023481559.213194, 320534665.9523937, 8.530014609935175e+68, 0.5506663373002801, -0.7974202674403904, 0.24675393014011027, 153400816.53525564, 0.24147789668932765
0.151819487667088, 0.49575572824427666, 0.5148596118118149, 0.5017245918213672, 10.080563726113715, 26323125561.204185, -64.1089192851788, 105.17040149733349, 36.42971009598196, 3230689478.511258, 342154018.92216814, 1.976394332756505e+69, -0.5689201903903303, 0.7916556814581696, -0.22273549106783944, 132119552.30501287, 0.0380442875181958
0.156907741421279, 0.4954621608200519, 0.5152798828779813, 0.5018975222604969, 10.567022179235272, 29437567815.08594, -56.002646897884546, 104.86200438684813, 31.46405987506294, 3649258510.793084, 389723764.9493939, 4.07921195928355e+69, -0.8046313630790952, 0.5224251198119326, 0.2822062432671626, 186523345.8903126, 2.612287364128774
0.16078197130448, 0.49528711152170984, 0.5156013888067732, 0.502018973647369, 11.102574552357787, 32227355540.24626, -59.29630798955925, 103.57637448784794, 19.22245930082104, 4094343679.9617414, 457675870.2994837, 2.858991870238489e+69, -0.2036410079961961, 0.7865815972975931, -0.5829405893013971, 203132381.73428497, 0.17901544553408222
0.166782469418375, 0.49497962720585964, 0.5161355244584296, 0.5022276956327506, 12.528062540994037, 38123973137.95311, -43.03736637861215, 97.53441319882408, 8.63988767914659, 3894729734.6240816, 514194412.3366651, 2.452091120324021e+69, -0.6185326235475642, 0.7708538389076133, -0.15232121536004892, 281884576.6663434, 1.4377194413267127
0.171819672445797, 0.49475413880109237, 0.5164803971728994, 0.5022988992111797, 13.507178898732311, 47704738235.197075, -48.594828132657504, 81.59867399124501, 0.9087771250388819, 5041122619.915487, 619962762.2509375, 2.783432646109736e+70, 0.07269820773377128, -0.7406474979756774, 0.6679492902419062, 390993316.849444, 3.1488877898533776
0.17902076292286, 0.49443472061292293, 0.5170179792474576, 0.5023698754266283, 15.783994012191037, 80811256058.51639, -52.04623170258273, 113.72067978227996, 31.24382115230595, 8169272112.424379, 1294768435.3125381, 2.9671092909813167e+70, 0.12383069332474161, -0.7608427173834175, 0.6370120240586759, 389368267.4333166, 0.8062769976417037
0.185118269590177, 0.4943720568278625, 0.5174978451853492, 0.5021462291680587, 17.50979847050672, 105546666823.44743, -62.27279398014516, 154.419190838174, 72.03219017705963, 9562735381.828999, 1528432928.1525729, 7.807133877389302e+70, -0.06974875881109961, 0.7393964393747414, -0.6696476805636419, 660166342.6814919, 3.6199732145802486
0.192963307715693, 0.49404806801069506, 0.5183812232455458, 0.5024809776236195, 19.078177847215077, 114857171703.61763, -66.90570194572574, 144.3781450158885, 73.97097312780784, 10361628806.908398, 1638315723.7453282, 2.0622443505656188e+70, 0.7898576139430189, -0.21578162649640184, -0.574075987446617, 678017690.4201077, 1.351219828671998
0.20008560804194297, 0.493623, 0.519058, 0.503044, 25.4, 149251800307.68652, -50.95861186519698, 129.20967277100354, 63.4459059627612, 13998630545.366695, 1898102351.4714656, 3.0097552277728005e+70, -0.11527387184272435, 0.7576611861104471, -0.6423873142677227, 1898102351.4714656, 11.30398577396204
0.204462096972113, 0.49346007027084043, 0.5194404361899284, 0.5032055338851582, 21.861819774471314, 127370725253.13739, -50.26249218846509, 130.82669540790238, 63.2014771601531, 13723769147.248684, 2088442705.4545293, 2.3545221718820067e+70, 0.6347021253796986, 0.1274690234448373, -0.7621711488245358, 1083557265.0313773, 5.333791822424798
0.20787047340784898, 0.4933563240660901, 0.5197974703919731, 0.5033066182683983, 21.92711004209864, 125076215518.68942, -59.951478005238926, 131.41757470936653, 60.068321629803584, 13727169782.293804, 2169205766.846478, 6.692799959048776e+70, 0.7965953047457147, -0.24313019333968397, -0.5534651114060306, 1164057955.9182506, 0.5885368177628907
0.213094972107235, 0.4930648002246893, 0.520262782315575, 0.5036131806466013, 21.67755123368809, 122479519013.99013, -58.96697144555795, 143.74969238146144, 65.70512280104829, 14353229651.171377, 2404207673.1559815, 6.271930671163177e+70, 0.5885317244018377, -0.7843911594764722, 0.19585943507463446, 1284346815.6780937, 2.0620600729539333
0.216699846444154, 0.49291505487966997, 0.5205975549151047, 0.5037800725163161, 21.90225301053012, 121227352003.29454, -61.72191241520044, 151.27921539500758, 70.6303947755623, 14533908915.366398, 2505288134.1701207, 3.584390590101345e+70, 0.6867313843588598, -0.725857527781738, 0.03912614342287801, 1182680406.1924393, 0.4637209166278514
0.222187288410599, 0.4926539385224953, 0.5211085262904722, 0.5040069860698312, 21.742374439813197, 119619366865.15149, -69.48761911492542, 144.78667848043835, 67.72117780616502, 14835886701.677868, 2729496422.0666304, 4.2829841822581443e+70, 0.8060034737825101, -0.5160008527634369, -0.29000262101907337, 1299909225.9540164, 0.819317724832129
0.22772572605671204, 0.4924529044032437, 0.5216199239925523, 0.5041688425584918, 22.433860887413594, 123386645238.4281, -63.61425008328599, 147.59442691859422, 80.80033454760883, 15267479346.949213, 2903593416.6535373, 1.346705480389976e+70, 0.7343071610658856, -0.057969582070021654, -0.6763375789958639, 1535938101.9416857, 2.4250581940894493
0.23349295378036397, 0.4922578014825009, 0.5221438346891834, 0.5044065142975207, 23.145120924845905, 128444290985.98549, -66.9120543330125, 146.24623135036575, 66.6101056704619, 16156198601.80137, 3108817084.8854003, 1.0597711248749954e+70, -0.7705270626617707, 0.1513489437580545, 0.6191781189037165, 1438026933.9036217, 0.8370074866090843
0.237411890737796, 0.49210908746481696, 0.5224964763719256, 0.504591835469804, 24.230899101462967, 135480337762.54262, -62.839116106325726, 139.47185340501085, 70.62802361742641, 17016044200.53868, 3331982145.17329, 4.613173709129454e+70, 0.7911367513819779, -0.22070562820148562, -0.5704311231804923, 1809350446.3234487, 7.170369834790793
0.243328408802548, 0.49188062133256777, 0.5230065583913428, 0.5048402302651541, 25.072942144291055, 139595390487.92725, -55.6112994170674, 150.985328642929, 69.1403792893089, 16883223936.274557, 3624622364.1079745, 4.164375551809401e+70, 0.7228065391922226, -0.0325217861165434, -0.6902847530756794, 1828266853.8569825, 0.9379317985408139
0.250095052918942, 0.4915356477599858, 0.5235888160156466, 0.5051038032936409, 25.75909531489887, 146755951579.9592, -49.22922756590217, 147.04025068838425, 78.334781449366, 18320370924.03495, 3929460743.09277, 4.916837168187005e+70, -0.6486760237087712, -0.10509715461318875, 0.7537731783219599, 2137942552.8829062, 2.738164877578311
0.255803667053391, 0.4913388107686308, 0.5241053795609372, 0.505298457219602, 26.44319289366186, 154439781885.97272, -49.596560388411355, 137.06036462673893, 66.18535726563755, 19547409226.42657, 4258733521.7302637, 2.5842724102613232e+70, -0.7262795392076579, 0.04004764157184777, 0.68623189763581, 2076510946.7192845, 1.6994782984366166
0.262196964226501, 0.4910135964389511, 0.5246201182294387, 0.5056205889161496, 28.264355172916037, 170709080923.9545, -52.018741198667605, 147.82431887711138, 57.240099564200605, 21573013912.47863, 4651631295.339293, 2.8708829859831465e+71, 0.47873548479280864, -0.8121759578578673, 0.3334404730650588, 2468616026.217566, 4.668380550616765
0.270908802550908, 0.4906557442759172, 0.5253821953715861, 0.50589498612158, 29.96171340416467, 188256480499.43832, -67.14094136133015, 136.35829419797795, 47.62345466224542, 24581723511.026024, 5193839769.287167, 1.9639408087038813e+71, 0.5926786821039134, -0.7827023585961326, 0.1900236764922191, 3032101369.1463246, 4.68715721748438
0.277686085491263, 0.4904097750998518, 0.5259536928480761, 0.5061285593795372, 30.901476079567033, 205727661270.4963, -67.44767885886877, 155.7605763431416, 59.85021701411786, 27349259604.617317, 5872769431.2315, 2.7731935445088126e+70, 0.8155488980636868, -0.3737157328151434, -0.4418331652485435, 2864559088.008521, 1.0640065170835076
0.284799929432264, 0.4901844584742755, 0.526563215688037, 0.5062606033305809, 31.661740442010732, 231873092327.22888, -85.27455669565379, 174.0170316410503, 96.95933170346844, 31215088996.472103, 7163295544.133171, 1.6931616299801088e+71, 0.07701106038047077, -0.7424600545981028, 0.6654489942176318, 3177519750.6562862, 1.714056914809236
0.294380308133003, 0.4899369192982734, 0.5276433901328633, 0.5066578451386561, 35.84520683597966, 253344175522.2393, -76.78918894315498, 174.61841574390934, 99.02687885833112, 31831308750.01591, 7924932786.285216, 1.4345872604069583e+71, 0.2199159020336086, -0.7909335357660361, 0.5710176337324274, 3587799744.808257, 0.49325553041807624
0.301865253710294, 0.48955738322824977, 0.5282921304826514, 0.5070433204880204, 36.93366917918807, 260067375722.10178, -92.09315396039625, 175.73276301027005, 102.3785532040619, 33384878830.685173, 8279337343.017489, 1.4564942447893232e+71, 0.6989884453979457, -0.7149547060622529, 0.01596626066430702, 3895541394.58769, 3.333714681953929
0.311859319815543, 0.4889337643697569, 0.5292304162450928, 0.5077735286242606, 40.623700168414125, 333522315399.8559, -90.42466577939572, 165.55938878614094, 96.23039112902711, 41680257848.590614, 10342079524.408724, 5.27652521092e+71, 0.8073348363648686, -0.509298126282793, -0.2980367100820756, 5187894674.8078785, 6.465132058244686
0.322440463801911, 0.4882141579293961, 0.5300728595149388, 0.5083880762614171, 45.82271149663898, 373272290965.0047, -77.26231556151185, 165.15311230423464, 83.98249756928945, 42086640114.6269, 11719221515.346235, 6.69038542466704e+71, 0.6219130252662388, -0.7691247587536314, 0.14721173348739264, 5851187635.406263, 25.551993349734012
0.333270539486627, 0.48775486223739345, 0.5309904831315599, 0.5088936875271308, 45.30844282152446, 350829527189.8626, -90.56463634411674, 150.02565349624606, 84.53140177255318, 40406398912.05912, 12144256087.854006, 3.180564493044439e+71, 0.625632513697229, -0.7671707091803429, 0.14153819548311378, 6159651452.0731945, 5.5147433929901295
