Metadata recorded on file /project/projectdirs/agora/paper_CGM/ThinTimeSteps/GEAR/Cal4/snapshot_0196.hdf5 with agora_analysis version 1.0 on date 2022-04-08 17:29:52.338331
a, center_x, center_y, center_z, Rvir, L_x, L_y, L_z, bulk_velocity_x, bulk_velocity_y, bulk_velocity_z, unitary_conversion
0.1111111111111111, 0.49785331998264976, 0.5112869405400603, 0.5002082860215481, 11.808633628251386, 0.06378570759537563, 0.7804488573247346, -0.6219573655863182, -63.58126477553752, 93.36305244128451, 41.20928075015203, 0.00010530105320701705
0.11363636363636363, 0.4976917638664136, 0.5115067161029797, 0.5003007014585811, 12.281781804606425, -0.22625861630480362, 0.6710832001532059, -0.7060130147667023, -63.70368516822303, 94.05807537719032, 41.628932219114674, 0.00010308370051104053
0.11627906976744186, 0.49749773702159655, 0.5117738875363884, 0.5003662288537015, 12.79981632532724, -0.545266097923549, 0.4835902230639195, -0.6847082434235878, -63.339902978939726, 96.10447121539376, 41.851174811066066, 0.00010055001753822743
0.11904761904761904, 0.4973104321872579, 0.512031716514557, 0.5004071468545297, 13.371765845261569, -0.41125460236873, -0.07741619778491904, 0.9082270555048798, -62.02594576551477, 99.04515564106666, 41.53365539725354, 9.808030857542412e-05
0.12195121951219513, 0.49714435132789125, 0.512299115812728, 0.5004921729628532, 13.994084529294371, -0.6645143502977463, -0.6678994964376449, 0.3351580834572016, -61.76489957612214, 101.5278018070882, 41.436710088563466, 9.567421724265149e-05
0.125, 0.49698346252988645, 0.5125567006500799, 0.5006210142096923, 14.293753318731953, -0.8167192160492998, -0.409992853560922, -0.4060487435823312, -61.44154599454369, 102.8287949904983, 41.29803073591606, 9.360000033639229e-05
0.1282051282051282, 0.4967289538668213, 0.5129244092716808, 0.5008519714220027, 14.983140035127366, -0.37099601400342586, -0.8509532134243388, 0.37180718948987723, -60.11671829530764, 101.94701321101412, 40.27835394669159, 9.103641516706845e-05
0.13157894736842105, 0.4965403143960195, 0.5132006464674053, 0.5010077495389176, 15.74804719477502, -0.8582707781423579, -0.285987307582324, -0.42612501837926026, -59.61085551876162, 102.74224746356404, 40.21331372080075, 8.879781440770857e-05
0.13513513513513511, 0.4963660141291673, 0.5135242307054559, 0.5011704775310724, 14.516621481757193, 0.8706193519707248, 0.43260074089589967, -0.2342616975743023, -57.44355608090082, 103.03769948132525, 42.97669008916798, 8.662175186462466e-05
0.1388888888888889, 0.49620504395089043, 0.5138956014393026, 0.5013549503319409, 17.003114949515993, -0.6267202113283111, 0.694883942063764, -0.35264441548750003, -56.07131637547048, 102.12383441540275, 41.253006753839195, 8.449483673115822e-05
0.14285714285714285, 0.4960108380694748, 0.5143849247395772, 0.5015964055993563, 17.79788382295787, -0.04892314955124526, -0.4303406000605738, 0.9013398323482058, -55.77219235502393, 103.36930844292036, 39.899708707735186, 8.18983624326495e-05
0.14705882352941177, 0.4958669251962369, 0.5148039029326212, 0.5017795112116531, 18.576161530519858, -0.6096586011299019, -0.23716841213786113, -0.7563514621869497, -57.85822349294447, 102.64680500916178, 39.495348011709396, 7.97328613571662e-05
0.15151515151515152, 0.49565737099549717, 0.5153097952563018, 0.5019510119971438, 19.61923343672303, -0.8085486456879117, 0.11443708650988026, -0.5771942833980375, -59.293430250566324, 100.92586706651726, 38.78237036625508, 7.713607657746053e-05
0.15625, 0.4954200498459062, 0.51576794991235, 0.5020727243321443, 20.6071673395883, -0.22925088502042476, 0.14892689584217172, -0.9619068621296798, -60.76909887202528, 100.33241567733631, 38.29838786855053, 7.462210639945671e-05
0.16129032258064516, 0.49523588629007165, 0.5160956682682251, 0.5021854522851014, 21.724816691301758, -0.5873017895550338, -0.5763904895131291, 0.5681994470115844, -61.18887823724026, 98.47825106467091, 35.18909489056846, 7.278835388024548e-05
0.16666666666666666, 0.494909404914333, 0.516593438840747, 0.5024224479136039, 23.73217828767566, -0.7557119277326871, -0.4579444148356598, -0.46817346700060986, -59.55304077463741, 97.01799492472884, 32.30891786896709, 7.019859649759193e-05
0.1724137931034483, 0.4946090791580574, 0.5169797998207205, 0.5026294142216897, 25.710822501991743, -0.20278449315626304, -0.6562469832784321, 0.7267863140382563, -57.51001745289484, 99.25434513004184, 30.934941492741196, 6.812227098894282e-05
0.17857142857142858, 0.4942865528635443, 0.5174926908478046, 0.5026560743988401, 29.009067228855425, 0.5514958307377377, -0.8307611559752704, -0.07542049059456878, -56.4185806501181, 122.16174892040792, 49.94165447371337, 6.535947733596018e-05
0.18518518518518517, 0.49409083330906695, 0.5178541494645054, 0.5026204135635918, 31.609620884101165, 0.6388127449327109, -0.7108712925959434, -0.2942452757046541, -57.096281477870534, 129.48078531437315, 57.84527869661659, 6.32295721109027e-05
0.1923076923076923, 0.49389579734887573, 0.5186118649022712, 0.5027226922896072, 34.175836018654074, -0.011011251600860594, -0.7785991941845263, -0.6274249334808022, -58.76284664450364, 132.89446660645396, 63.56514264578937, 6.066262262588312e-05
0.2, 0.4935946415138245, 0.5193014162240991, 0.5030653195113369, 36.58591717371447, 0.7477883980850389, -0.6597845144826716, 0.0741411231252715, -58.014815285213984, 135.43455008522167, 67.25020707248224, 5.850000028737827e-05
0.2040816326530612, 0.4934072390231592, 0.5197059412808124, 0.5032944049773882, 37.53860752364313, 0.8119818982336751, -0.5617035884445031, 0.15866466421168265, -58.66376484763165, 136.36964187691515, 67.97389926387741, 5.7246306062949074e-05
0.20833333333333334, 0.49325759697876287, 0.5200292488259378, 0.5034761759532219, 38.59739669781935, 0.8337865022647936, -0.44627960313285664, 0.32501474500185584, -59.24208431989688, 136.79725697678373, 68.76440310016223, 5.63041387519601e-05
0.2127659574468085, 0.4930033161804596, 0.5205327322935634, 0.5037620648492214, 39.26835940513707, 0.8233857186287725, -0.3841221582100149, 0.4177153647284955, -59.9873794036606, 137.08757046737693, 70.36956787225117, 5.4924420549640195e-05
0.2173913043478261, 0.4928328570624523, 0.5208987807576129, 0.5039444217630147, 40.36246252912455, 0.848231331440675, -0.28493584638758934, 0.4464472777448281, -60.7633139535003, 137.89635715047189, 70.47440745952788, 5.4021609056151335e-05
0.2222222222222222, 0.49258437053952464, 0.52142576684783, 0.5042172084352006, 41.054561919519585, 0.8328703778679187, -0.32199746411554475, 0.45016060108955425, -60.53122177049948, 138.4008665173046, 70.9668526619811, 5.269558175857167e-05
0.22727272727272727, 0.4923316685185007, 0.521952931974646, 0.5044692756901019, 42.32190618249784, 0.852178701400826, -0.40236016221021775, 0.3345112266351745, -60.28294598982758, 138.2685715441119, 69.83421871194518, 5.1401458759619904e-05
0.23255813953488372, 0.4920738232642782, 0.5224814968421428, 0.504716134607587, 43.50723481198269, 0.8101373114437918, -0.3861823083254125, 0.4410677514204374, -60.41493558958161, 137.66120320330884, 69.42847266875576, 5.013927605768281e-05
0.23809523809523808, 0.4919054637572917, 0.5228494984327232, 0.5048946178204266, 44.845663384266615, 0.8792189397150357, -0.35998974833525516, 0.31205998964924675, -61.70021384281471, 137.71149223061008, 68.50133301601245, 4.9317147316224814e-05
0.24390243902439027, 0.491642703134632, 0.5234048048576422, 0.5051566785727455, 46.43836985499901, 0.7786481886291451, -0.5119784259421838, 0.36274659159572387, -64.4011584439652, 137.46170371281985, 67.09103859513685, 4.8106574940683336e-05
0.25, 0.491368467893602, 0.5240268431057097, 0.5053922093563498, 48.330395947218044, 0.7791009848630506, -0.5284787019887678, 0.33721197625483573, -66.32050603036784, 137.3073914293087, 65.97543807808185, 4.68000003803363e-05
0.25641025641025644, 0.49115048269666955, 0.5245411989776921, 0.50559621342253, 49.63416479028278, 0.7072199369257361, -0.6444118190980666, 0.2908150068711694, -67.86800204023055, 136.82581509965704, 65.28073263468866, 4.577285737731534e-05
0.2631578947368421, 0.4907686627358812, 0.5252949267821234, 0.5059390359569129, 52.44517954347974, 0.6288542963527819, -0.713555665497924, 0.3088374753725048, -68.01653449341268, 137.7619505125979, 65.07241154791758, 4.428128083033018e-05
0.27027027027027023, 0.49045383501511164, 0.5258391492139781, 0.5061846090660981, 54.95070607981423, 0.6345700221041707, -0.6565174614246672, 0.40780597088716475, -67.78335197881273, 140.5811445274447, 66.18338518792935, 4.319415221153097e-05
0.2777777777777778, 0.4901749773746246, 0.5264200253204012, 0.5064254621194997, 57.822528402307434, 0.6663008708462542, -0.7222798171437134, 0.18535105949620895, -68.7566788962339, 146.57732202763347, 70.84726262049973, 4.2134831643448965e-05
0.2857142857142857, 0.4898725031791647, 0.5270029359336275, 0.5066680404346703, 61.40646256385484, 0.7280378171153433, -0.649518126086673, 0.21928780343371274, -72.2496275365034, 157.15579945128795, 79.48107446597406, 4.110022140632075e-05
0.29411764705882354, 0.48951216761021915, 0.527797939812084, 0.5069205634190957, 66.47058038902242, 0.7085246403182465, -0.6467169489908631, 0.2824004637918443, -78.9114397437193, 160.88184789270971, 84.20851308278958, 3.976075583422376e-05
0.30303030303030304, 0.4892536387617106, 0.5287679275516786, 0.5072262928254408, 69.60118160635348, 0.7061746326356639, -0.6775238082036015, 0.20561828114050215, -82.28084906776049, 162.98977153333516, 92.45385919734179, 3.846406751786409e-05
0.3125, 0.48896337160707043, 0.5295549236113571, 0.5075833569074466, 74.32074822817397, 0.5558595887198737, -0.828795412496963, 0.0641738408711963, -83.60673487112913, 164.9561597267144, 93.2985835696177, 3.7520444110610666e-05
0.3225806451612903, 0.4884210534735835, 0.5305286385674153, 0.508190242148843, 79.27618694421956, 0.6075093301060164, -0.7738925489693349, 0.17894897732003007, -79.25994988186073, 161.6914364318651, 85.16604773235112, 3.62982037635157e-05
0.3333333333333333, 0.48777191559489624, 0.5314859798127204, 0.5088941326746207, 83.18819469835293, 0.5037396353398736, -0.7842384022107102, 0.3622381927484226, -82.14681929154983, 160.95484124836446, 82.7569053130859, 3.5114697684462676e-05
