Metadata recorded on file <unknown> with quasarscan version <unknown> on date <unknown> (before version 3.0.1)
a, center_x, center_y, center_z, L_x, L_y, L_z, bulk_velocity_x, bulk_velocity_y, bulk_velocity_z, Rvir, Mvir, Lmag, sfr, Mstar, Mgas, compaction_stage
0.1, 0.129483, 0.00255308, -1.23726, 0.767952, -0.594786, 0.237654, -10.6587, 4.19729, 0.767952, 6.0, 5889470000.0, 12.4392, 0.393998, 19706900.0, 667332000.0, pre
0.11, -0.0275319, 0.0174722, -0.708558, -0.388372, 0.624753, 0.677386, 18.4034, 7.04504, -0.388372, 7.5, 8519180000.0, 18.7806, 0.125721, 31521800.0, 839711000.0, pre
0.12, -0.202532, -0.0602161, -4.48908, -0.533207, 0.208496, 0.81989, 3.56019, -3.14454, -0.533207, 9.0, 11699600000.0, 12.8618, 0.149068, 52496700.0, 1111230000.0, pre
0.13, -0.190795, -0.361647, -16.5893, -0.907771, 0.117018, -0.402813, 14.961, 11.9089, -0.907771, 13.0, 28699800000.0, 15.2984, 0.352944, 104437000.0, 3425140000.0, pre
0.14, 0.0685864, -0.0217171, 11.9633, -0.53803, 0.653125, 0.53287, 5.96435, -9.56516, -0.53803, 17.75, 57251600000.0, 46.9445, 3.55739, 350824000.0, 6001100000.0, pre
0.15, 0.164035, -0.325837, -14.1582, -0.651262, 0.679146, 0.338554, -7.87138, 36.9198, -0.651262, 21.0, 75805600000.0, 91.8814, 2.34708, 589513000.0, 7741200000.0, during
0.16, -0.0118371, 0.133061, -10.0054, -0.786654, -0.361494, -0.500498, 6.13545, -46.5982, -0.786654, 25.0, 105144000000.0, 50.1618, 6.96397, 1258590000.0, 10465100000.0, during
0.17, 0.280657, 0.372418, 9.08489, -0.901929, -0.367288, -0.227207, -14.1211, -3.07616, -0.901929, 28.25, 128296000000.0, 175.98, 8.86969, 1950840000.0, 11835300000.0, during
0.18, 0.0363785, -0.0817399, 19.9277, -0.9137, -0.255133, -0.31632, 1.08553, -33.0088, -0.9137, 31.75, 151639000000.0, 101.515, 17.649, 3708980000.0, 11962600000.0, during
0.19, -0.0360201, -0.045008, 3.10738, -0.694172, -0.508203, -0.509759, 1.73612, -0.647324, -0.694172, 35.25, 176847000000.0, 47.9631, 16.8207, 5451580000.0, 11536100000.0, during
0.2, 0.0225361, -0.0190717, -3.63415, -0.966576, 0.0151778, 0.255932, -3.22373, -1.39033, -0.966576, 37.75, 185997000000.0, 66.7816, 16.3402, 7362320000.0, 10345100000.0, during
0.21, -0.0455473, -0.0200334, 7.05177, -0.922837, -0.270221, 0.274504, -3.23544, -1.58389, -0.922837, 40.25, 194745000000.0, 107.848, 13.8817, 9097060000.0, 9109700000.0, during
0.22, 0.113153, -0.0551095, 0.538289, -0.903318, -0.392571, 0.172929, -0.994107, -6.31718, -0.903318, 43.0, 205797000000.0, 154.61, 5.81368, 9788340000.0, 9088990000.0, during
0.23, 0.189047, -0.0583577, -5.7482, -0.937578, -0.347136, 0.0210592, 0.905039, -5.11611, -0.937578, 45.75, 215306000000.0, 188.216, 3.69899, 10134300000.0, 10248600000.0, during
0.24, 0.272817, -0.0895903, -0.210206, -0.964807, -0.262453, 0.0162919, 13.7664, 30.5357, -0.964807, 49.0, 233048000000.0, 416.382, 6.0985, 10683000000.0, 11451900000.0, post
0.25, -0.428618, -0.462532, 1.1754, -0.956431, -0.216453, -0.19593, -20.383, -6.30704, -0.956431, 52.5, 254965000000.0, 482.708, 9.79336, 11725300000.0, 13073500000.0, post
0.26, 0.290738, -0.486382, 2.6343, -0.885371, -0.244647, -0.395304, 26.4358, -47.1669, -0.885371, 55.25, 265270000000.0, 513.343, 5.94195, 12314900000.0, 13602600000.0, post
0.27, 0.713634, 0.223811, 6.26895, -0.908159, -0.194783, -0.370548, -4.55688, -16.6203, -0.908159, 57.25, 264276000000.0, 522.916, 7.0991, 13309600000.0, 13315000000.0, post
0.28, 0.269875, -0.208886, -10.0911, -0.952112, -0.106645, -0.286549, 17.0406, 2.6961, -0.952112, 59.75, 270347000000.0, 699.529, 5.53869, 13828900000.0, 13573900000.0, post
0.29, 0.396454, 0.107916, -5.50807, -0.966557, -0.0740895, -0.245517, 10.9618, 6.15311, -0.966557, 62.5, 278756000000.0, 706.106, 2.82964, 14188600000.0, 14098100000.0, post
0.3, -0.221421, -0.666284, -1.71366, -0.978754, 0.0200549, -0.204057, -15.123, 20.8217, -0.978754, 65.0, 282753000000.0, 849.843, 4.56876, 14653100000.0, 14144200000.0, post
0.31, 0.315455, -0.317764, -4.21441, -0.987879, 0.112545, -0.106908, 9.26507, -5.4263, -0.987879, 67.5, 289109000000.0, 1028.32, 3.2462, 14954600000.0, 14200600000.0, post
0.32, -0.629656, -0.426883, 0.637914, -0.996025, 0.0807354, -0.0376241, 3.90835, 33.639, -0.996025, 70.25, 298067000000.0, 866.026, 2.73316, 15258500000.0, 14334700000.0, post
0.33, 0.844831, 0.29479, 2.82799, -0.977066, 0.210147, 0.0343658, 27.1788, -21.7328, -0.977066, 73.25, 309661000000.0, 1205.34, 3.60491, 15743200000.0, 14445800000.0, post
0.34, 0.988678, 1.06493, 5.71156, -0.983026, 0.179125, 0.039675, 33.6552, -9.58164, -0.983026, 76.25, 320098000000.0, 1234.65, 2.04934, 15901400000.0, 14229800000.0, post
