Metadata recorded on file <unknown> with quasarscan version <unknown> on date <unknown> (before version 3.0.1)
a, center_x, center_y, center_z, L_x, L_y, L_z, bulk_velocity_x, bulk_velocity_y, bulk_velocity_z, Rvir, Mvir, Lmag, sfr, Mstar, Mgas, compaction_stage
0.11, 0.188553, -0.047577, -27.8201, 0.538183, -0.349013, 0.767169, -20.8865, 30.0046, 0.538183, 7.25, 8121050000.0, 11.6255, 0.096976, 14564600.0, 743638000.0, pre
0.12, -0.000701569, 0.0916416, -17.6411, -0.89808, 0.140931, -0.416641, 12.1669, 18.6179, -0.89808, 9.5, 13365800000.0, 17.6137, 0.307767, 37270900.0, 1127320000.0, pre
0.13, 0.0381285, -0.071233, 84.4576, -0.16664, -0.289586, 0.942535, 67.0436, -23.4443, -0.16664, 11.25, 18540500000.0, 40.715, 0.251123, 70401400.0, 1641550000.0, pre
0.14, 0.153136, 0.24069, 21.4739, -0.973777, 0.19779, -0.112416, 58.3083, -40.5546, -0.973777, 13.0, 21433700000.0, 48.4759, 0.667694, 104299000.0, 1615710000.0, pre
0.15, 0.0266377, 0.0012791, 19.1018, 0.250339, 0.941895, -0.223976, 47.158, -12.003, 0.250339, 14.0, 22170700000.0, 13.7642, 0.309843, 148008000.0, 1270820000.0, pre
0.16, 0.318389, 0.192917, 24.2383, -0.777303, 0.628467, 0.0288065, 72.6952, -9.77379, -0.777303, 15.0, 22214200000.0, 36.3579, 0.0584654, 156498000.0, 1113110000.0, pre
0.17, 0.219643, 0.00201648, 5.60238, -0.236552, 0.402193, 0.884468, 76.104, -34.0815, -0.236552, 16.0, 22546500000.0, 39.112, 0.133004, 182104000.0, 1152240000.0, pre
0.18, 0.199605, -0.112701, 7.37672, -0.920762, 0.388579, 0.0347037, 39.5221, -39.2742, -0.920762, 17.0, 22867200000.0, 43.0051, 0.117944, 194801000.0, 1152540000.0, pre
0.19, 0.668929, 0.161644, 19.384, -0.927254, 0.354806, -0.119634, 48.6641, -56.9357, -0.927254, 18.0, 23392300000.0, 96.3095, 0.0670173, 206101000.0, 1118920000.0, pre
0.2, 0.757567, 0.566061, 24.1153, -0.894036, 0.446422, -0.0375102, 69.4676, -79.8606, -0.894036, 19.25, 24956900000.0, 133.788, 0.0154089, 220723000.0, 1084060000.0, pre
0.21, 0.522775, 0.0264602, -10.5921, -0.951541, 0.30341, 0.0501248, 24.9673, -60.8801, -0.951541, 21.0, 27676500000.0, 81.3133, 0.0120835, 240380000.0, 1293550000.0, pre
0.22, 0.409188, 0.0686282, 31.0191, -0.628078, -0.19955, -0.752129, 68.1522, -58.0942, -0.628078, 23.0, 32064400000.0, 56.5249, 0.119067, 284456000.0, 1764170000.0, pre
0.23, 0.886386, 0.21119, 12.3993, -0.803785, -0.271202, -0.529509, 26.4155, -33.1484, -0.803785, 28.75, 54100600000.0, 120.882, 0.139874, 340177000.0, 2728470000.0, pre
0.24, 1.63881, -0.163004, 48.3964, -0.868946, -0.0821772, -0.488036, 24.2469, -97.4135, -0.868946, 31.75, 63773400000.0, 300.252, 0.0532141, 366755000.0, 2993950000.0, pre
0.25, 1.1095, 0.121873, 2.65549, -0.798623, 0.416701, -0.434237, 32.4221, -11.7298, -0.798623, 34.75, 75561900000.0, 237.788, 0.0724079, 398237000.0, 3828390000.0, pre
0.26, 1.46484, 1.55817, 31.8951, -0.82813, 0.213988, -0.518084, 10.8732, -39.6048, -0.82813, 38.0, 86818700000.0, 271.234, 0.0202117, 414874000.0, 4606560000.0, pre
0.27, 0.887397, -0.182069, -3.26921, -0.808449, -0.263697, -0.526188, 1.49376, 24.1099, -0.808449, 40.75, 96503600000.0, 146.122, 1.04685, 755266000.0, 5097930000.0, pre
0.28, 1.06618, 0.715577, 30.1413, -0.893051, 0.377194, -0.245324, -9.87447, -69.5938, -0.893051, 46.0, 123603000000.0, 325.162, 0.578672, 730036000.0, 7101650000.0, pre
0.29, 0.407041, -0.930784, 11.7755, -0.809687, 0.522187, -0.267821, -2.4343, -39.0134, -0.809687, 49.75, 140565000000.0, 168.006, 0.368629, 827506000.0, 8181980000.0, pre
0.3, 0.405057, 0.560219, -30.2289, -0.553644, -0.750671, -0.360514, -29.1906, 56.2331, -0.553644, 53.25, 157875000000.0, 174.099, 1.30101, 1015110000.0, 9862900000.0, pre
0.31, 0.0220365, -0.466236, -7.49093, -0.756607, -0.546411, -0.359141, -43.2488, 3.13599, -0.756607, 57.75, 182960000000.0, 384.9, 0.272885, 1015790000.0, 12010000000.0, pre
0.32, -0.590217, -0.415592, 55.4064, -0.575318, -0.542947, -0.611733, 19.244, -50.1649, -0.575318, 60.5, 192529000000.0, 237.306, 1.89509, 1237300000.0, 12520300000.0, pre
0.33, 0.0612221, -0.471183, -23.9941, -0.789888, -0.0893968, -0.6067, 46.0487, 5.88683, -0.789888, 63.5, 198220000000.0, 125.392, 5.40066, 1842770000.0, 12190900000.0, pre
0.34, -0.457615, 1.09605, -50.7565, -0.849159, -0.0654297, -0.524069, 46.2145, 46.1441, -0.849159, 65.75, 204269000000.0, 285.766, 2.76496, 2363550000.0, 11956200000.0, pre
0.35, -0.732332, 2.30709, -22.8587, -0.92507, -0.148967, -0.349362, 30.2031, 42.2541, -0.92507, 68.25, 208227000000.0, 365.098, 1.68228, 2664740000.0, 11777100000.0, pre
0.36, -1.86589, 0.502053, 1.99882, -0.968166, 0.0525633, -0.244729, 25.8185, 27.3042, -0.968166, 70.25, 207808000000.0, 477.951, 0.880516, 2703530000.0, 11620800000.0, pre
0.37, -0.686062, 0.651586, 3.55587, -0.993985, -0.09616, 0.0524087, 8.88825, 15.4112, -0.993985, 72.0, 204208000000.0, 231.616, 2.35133, 3021840000.0, 11493200000.0, pre
0.38, 0.28975, -0.0641744, 15.9001, -0.952536, -0.303707, 0.0209273, -31.3473, -7.25389, -0.952536, 73.25, 201362000000.0, 419.555, 1.90641, 3233400000.0, 11281700000.0, pre
0.39, -0.234361, 0.970626, -11.5072, -0.987779, -0.0453071, -0.149132, 28.1837, 0.892237, -0.987779, 74.75, 200620000000.0, 374.376, 1.68356, 3447310000.0, 11256100000.0, during
0.4, -1.00362, 0.453053, 0.0105653, -0.995963, -0.0673871, 0.0592935, 13.9976, 12.554, -0.995963, 76.75, 202691000000.0, 262.032, 1.96066, 3886690000.0, 11207000000.0, during
0.41, 0.395725, 1.75591, 3.73838, -0.994004, -0.00689377, -0.109122, 34.5856, 6.00541, -0.994004, 79.25, 207427000000.0, 603.054, 1.62482, 4147800000.0, 11134700000.0, during
0.42, 0.00918943, 0.681258, -4.76007, -0.980088, 0.061086, -0.188933, 38.3834, -2.23911, -0.980088, 81.0, 210056000000.0, 494.703, 1.5713, 4310730000.0, 11181700000.0, during
0.43, 0.391679, 1.64352, -5.88946, -0.991038, 0.0253486, -0.131153, 62.6252, 8.78888, -0.991038, 83.0, 212061000000.0, 593.081, 1.17563, 4541020000.0, 11192700000.0, during
0.44, -1.28366, 0.0800344, 2.78666, -0.991548, -0.0229969, -0.127682, 19.1386, 13.4411, -0.991548, 85.0, 214185000000.0, 690.18, 0.536726, 4652870000.0, 11194800000.0, during
0.45, -0.851495, 1.20629, -12.0358, -0.980712, 0.00734355, -0.195323, 10.7841, 13.0677, -0.980712, 87.0, 215488000000.0, 733.008, 0.874975, 4760310000.0, 11145400000.0, during
0.46, 0.669239, 1.81131, 13.0733, -0.958261, 0.0878503, -0.272062, 36.1009, -18.5148, -0.958261, 88.75, 216178000000.0, 816.699, 0.434863, 4821330000.0, 11124100000.0, post
0.47, 0.578753, -0.491729, 4.47978, -0.980523, 0.0748392, -0.181588, -4.41485, -1.50804, -0.980523, 90.5, 215648000000.0, 943.272, 0.477917, 4885190000.0, 11141900000.0, post
0.48, 0.602204, 1.18664, -4.00851, -0.972537, 0.130729, -0.192567, 13.7222, -9.72579, -0.972537, 91.75, 213751000000.0, 852.423, 0.202398, 4840160000.0, 11195400000.0, post
0.49, 0.536007, 2.07777, 6.23028, -0.965609, 0.155888, -0.20808, 29.0104, -13.9118, -0.965609, 94.0, 214308000000.0, 933.241, 0.529566, 4934460000.0, 11243500000.0, post
0.5, 0.205514, 1.05387, 0.0757041, -0.970576, 0.188803, -0.149451, 20.15, -4.99126, -0.970576, 96.0, 215147000000.0, 908.403, 0.313109, 4953900000.0, 11294400000.0, post
