Metadata recorded on file /project/projectdirs/agora/paper_CGM/ThinTimeSteps/ENZO/081820_1H_new_cmbfloor_fine_dt/RD0080 with quasarscan version 3.0.3 on date 2021-11-15 15:11:52.828989
a, center_x, center_y, center_z, Rvir, Mvir, bulk_velocity_x, bulk_velocity_y, bulk_velocity_z, Mgas, Mdm, Lmag, L_x, L_y, L_z, Mstar, sfr
0.11111124429162876, 0.49796308, 0.51107629, 0.50015629, 5.77, 11666413104.812307, -62.57872447352509, 83.56061049150031, 43.08085415072993, 1083223937.2355127, 0.0, 9.992483500848485e+67, -0.774529926065004, 0.6110450899926603, 0.16348483607234368, 23030095.047038846, 0.13690167924728208
0.11349974096539119, 0.497851242662698, 0.5113325068213203, 0.5003337845492721, 5.997322901746887, 14263207811.480993, -55.36730366053184, 98.6355927212045, 56.61181355489305, 1684211569.140048, 0.0, 1.5926868342154769e+68, 0.7300716023051208, -0.6816532227053317, -0.04841837959978895, 2706419.1519205756, 0.01013753117013363
0.11636034714262232, 0.49770432609993653, 0.5116577216361466, 0.5005301849386184, 6.913539714499279, 17092026240.439295, -58.67551085243847, 94.34444129560956, 44.195417595345326, 2150214890.4931765, 0.0, 1.8362346613504794e+68, -0.6247961882336615, 0.7676148472976811, -0.14281865906401958, 1174483.782867402, 0.024539496277286178
0.11929055919721111, 0.49744623771394114, 0.5119051698962219, 0.5007211047925653, 7.364447613006874, 18754730110.809715, -62.695019773941475, 96.55924500827133, 42.966447917482455, 2408684188.8401976, 0.0, 1.3143454841350722e+68, -0.46184591529321095, 0.814038523289671, -0.35219260799646007, 561709.6352771547, 0.0014986213426842513
0.12228985413093224, 0.49736335056243547, 0.5121347437016407, 0.5007121558581474, 7.6656769603311, 20158168558.196648, -65.74175102466734, 107.6280645569812, 50.07579234784461, 2671080771.601094, 0.0, 1.938995885470153e+67, 0.07229591548933638, -0.7404774086784404, 0.6681814931891041, 3983031.95944655, 0.009819478037002453
0.12500006688337484, 0.4972444039803166, 0.5123448091832107, 0.5007346178425349, 6.554299353087401, 16277029666.49305, -64.34801860771155, 107.95153841842637, 56.894059647437125, 2254555863.642356, 0.0, 1.3280305711407367e+68, 0.7246563565023121, -0.6881423488079254, -0.03651400769438672, 1480870.8566503238, 0.002803374464167645
0.12851994279475282, 0.4968827877009863, 0.5126645478106, 0.500822920470059, 7.803179298336571, 21483317272.364017, -57.633991641094994, 111.07923716794969, 55.63478860882971, 3074473836.9974747, 0.0, 2.1961423187239672e+67, 0.8128765934223676, -0.3399271480251539, -0.4729494453972136, 1123419.2705783176, 0.005170473432832218
0.13175935824961707, 0.49672824383570535, 0.5129683518523951, 0.5010907503889702, 8.031532166437014, 23417547234.58918, -59.75648898868116, 108.07343072350915, 50.74679926446062, 3514454177.135041, 0.0, 7.97089001907535e+68, -0.08327011952112648, -0.6617848471202437, 0.7450549666413702, 6025612.450887407, 0.05681240850871962
0.13506953636899818, 0.49665712435618053, 0.5133676775563962, 0.5013308823486342, 8.317346282851561, 23980005028.958755, -65.78512033203711, 104.2526036252024, 49.73121751193597, 3910864017.9294734, 0.0, 1.4167777122126162e+69, 0.6545493846548461, 0.09542357746554835, -0.7499729621203944, 11132063.680718508, 0.22817642729488818
0.13846974728196593, 0.49651589519938394, 0.5138020167274849, 0.5014598858529594, 8.671204069022666, 25131245728.503048, -66.08881775892776, 101.4501941104173, 45.993476658606376, 4419671150.154018, 0.0, 5.031684898509356e+68, -0.5923023395646025, 0.7828579130165857, -0.19055557345198307, 6229870.500476035, 0.031018692532903517
0.14285733834004707, 0.49626915, 0.51411326, 0.50156812, 8.42, 21142747287.970688, -64.33820117877315, 104.72940846913512, 42.90669514145039, 2709840149.772985, 0.0, 2.8683791274965096e+67, -0.340753726744967, 0.8129616229817215, -0.47220789623675474, 93652315.5605922, 0.43999330505089185
0.1467395700528362, 0.4961124115822301, 0.514499478561518, 0.5017377896203398, 9.904496323002647, 28997685247.315422, -63.73909027353864, 96.85249914040969, 42.75484155455334, 4614842645.294984, 0.0, 1.1308943815750244e+69, 0.03705151708572956, 0.6878526024020573, -0.7249041194877868, 17259805.15590706, 0.08823863373233633
0.15168074605487697, 0.49586560587872763, 0.5150738002438926, 0.501993589544876, 10.080563726113715, 30657416101.125603, -61.84808243885929, 93.88025755168562, 37.66323021155278, 4674025270.089869, 0.0, 1.880791567519338e+69, 0.6539933968506603, 0.09634651653955066, -0.7503399133902109, 16953418.082566924, 0.08313332329018851
0.15678909077199607, 0.495550100781622, 0.5154485936674092, 0.5020118966733067, 10.567022179235272, 35596280489.22889, -65.32510378516298, 103.85461541316369, 48.380027387947685, 5454886197.793641, 0.0, 2.08488028426597e+69, 0.09674699661680332, -0.750498853201829, 0.6537518565850255, 35285577.98482453, 0.127231011545144
0.16074082581581486, 0.49534918961397917, 0.5157704623946913, 0.5022387124535144, 11.102574552357787, 39762273908.85516, -64.04274885911026, 104.95840011807105, 40.45637484570252, 6489838727.039137, 0.0, 1.3698281003849239e+69, -0.061964393442765, 0.7360497895512846, -0.6740853961085198, 56068834.48126907, 0.07719206431295729
0.16666949649775795, 0.49507147830856796, 0.5162991374639601, 0.5024511850748815, 12.528062540994037, 50376459892.7663, -66.28188254441903, 94.6359814653285, 29.402440306440692, 7902409341.318933, 0.0, 4.216531158349563e+69, 0.2787016127408371, -0.8039890976926553, 0.5252874849518181, 89924606.13255899, 0.09577494935259559
0.17175062277135797, 0.4948008631171666, 0.5167756889835885, 0.5026227504491763, 13.507178898732311, 56464767081.536545, -63.87158114493299, 79.00853616917878, 19.23889301090966, 8376342346.923953, 0.0, 3.404771195824926e+69, 0.29403383488837503, -0.8066820430614411, 0.5126482081730659, 111371701.29994492, 0.3328103947547837
0.17900950996435305, 0.4944948403012641, 0.5172842668657043, 0.5026921409914314, 15.783994012191037, 86213273609.00832, -56.9584644116646, 107.54241537092632, 39.587958409010675, 13463732270.635372, 0.0, 4.1289182971138056e+69, -0.5154159729527702, 0.8061236874905537, -0.29070771453778343, 155797827.0268654, 0.0989278924828534
0.18504141604893623, 0.4944492611024432, 0.5177002112661664, 0.5024933596794188, 17.50979847050672, 119092549810.4931, -75.45071141226536, 140.4210274964877, 82.40066607452839, 19334314839.75289, 0.0, 3.8397808710553246e+70, -0.7205678447471017, 0.692829386689917, 0.02773845805718461, 200581404.3069293, 0.26086381307541856
0.19287162912187883, 0.49415878995153645, 0.518568430167183, 0.5028466832357642, 19.078177847215077, 132535808164.13528, -63.53109792945483, 118.8337526761817, 64.57454809364027, 21757101077.749863, 0.0, 2.4490387233506345e+69, 0.7761292890554244, -0.6076494686908156, -0.16847982036460926, 220394435.04806247, 0.4040083498992406
0.20000019100000238, 0.49377779, 0.51893953, 0.50332358, 25.4, 159508857617.5349, -53.96283497243479, 126.44907665269587, 53.63844297352112, 24136080260.78438, 0.0, 1.247741226410892e+70, 0.32288081107557215, -0.8109101787985481, 0.4880293677229759, 1271761678.9344108, 3.3316598267291204
0.20438211686434027, 0.49352735316089597, 0.5196199739936432, 0.5034563016212481, 21.861819774471314, 145105776407.70404, -55.7276228022311, 126.0069523888433, 65.97413356201173, 24909270984.630318, 0.0, 4.8757798753043126e+70, -0.8018785673687622, 0.26773615911154824, 0.5341424082572149, 683855948.8874456, 2.712000808767597
0.20780101547552118, 0.4933906785328033, 0.5199554525116489, 0.5037359524745113, 21.92711004209864, 144025147975.21613, -59.42680176506203, 131.8120195035676, 68.22135779968706, 25096919931.480984, 0.0, 1.3913704951775172e+71, 0.678310878176926, -0.7327551906256503, 0.05444431244872442, 983196120.0349903, 3.2634884053136943
0.21301994297528137, 0.49315927669098925, 0.5204111624316693, 0.5039131869917735, 21.67755123368809, 141978182971.28433, -64.24424383817652, 136.40010636106422, 77.00339431244316, 25742413960.217026, 0.0, 1.1330221218822426e+71, 0.704774421780855, -0.709416286460746, 0.004641864679890839, 1177854040.9764378, 2.2749054523392442
0.2165816557779989, 0.4930058057414496, 0.5208129795547772, 0.5040170484331966, 21.90225301053012, 142453721420.6481, -67.95092967530852, 131.27633671172245, 73.5464644995935, 26044082153.551514, 0.0, 9.958658355437705e+70, 0.3407253961741749, -0.8129587246087767, 0.47223332843460203, 1250876292.8402069, 5.8045410224626455
0.22202997891738097, 0.49272783937786274, 0.5213541583075129, 0.5043669467715806, 21.742374439813197, 142268287468.82822, -66.26043102735778, 138.61188267933085, 67.97159565702407, 26262016420.521984, 0.0, 8.909475126150363e+70, 0.43865958719816817, -0.8157217158443049, 0.3770621286461369, 1315217579.0303376, 4.324646070531942
0.22761951709765713, 0.4924410298283015, 0.5218313328846713, 0.5046276161243137, 22.433860887413594, 152094543758.68643, -66.09088180971796, 134.25897976868222, 76.35878579553572, 28418373753.806953, 0.0, 2.916307131847688e+71, 0.6194162748109315, -0.7704060958060989, 0.1509898209951671, 1853131152.6896982, 4.098583835178604
0.2333506380837531, 0.4921438724998382, 0.522309324519836, 0.5048547752593923, 23.145120924845905, 161686338147.837, -65.84437479631872, 124.79279161220087, 77.37016876977971, 30683795195.600063, 0.0, 3.913992580274118e+71, 0.6390966572386765, -0.7596240005551569, 0.12052734331648035, 2062087136.2957778, 5.328224454293154
0.2372424905195231, 0.49207375543021187, 0.5227413101010796, 0.5049666365715058, 24.230899101462967, 170193420324.13266, -66.56358651435973, 130.21995072748783, 71.13776589493749, 32166365910.94369, 0.0, 3.9355002027882083e+71, 0.46545862696018403, -0.8136864547058927, 0.348227827745709, 2347435631.2417603, 6.0002055354340635
0.243208604909561, 0.4918012798618778, 0.5232501506018917, 0.5052432579831966, 25.072942144291055, 178866791424.90567, -61.52113887407515, 131.99132130599534, 71.28625033767717, 33414428111.90947, 0.0, 4.483050511178193e+71, 0.23815159660805355, -0.7954358080434968, 0.5572842114354435, 3129948216.269634, 7.5019951471143
0.250000066633399, 0.49146879548880784, 0.5237901477435561, 0.5054983045454426, 25.75909531489887, 188923397435.04572, -68.43149061227791, 142.68952931184802, 70.30270024769041, 35011548894.71755, 0.0, 7.952686957871293e+71, 0.325230375073825, -0.8112051214296642, 0.4859747463558397, 3882741255.707413, 10.938707695434378
0.2556108646992034, 0.49123745037334937, 0.5242655191577844, 0.505702538703696, 26.44319289366186, 194301239649.00827, -73.7608400969325, 139.453729233016, 66.45942077289328, 35921618107.442215, 0.0, 6.831036224513819e+71, 0.07392942159768116, -0.7411669761080868, 0.6672375545104059, 4459208537.577473, 13.72328567357357
0.26422195252508435, 0.4908981147341344, 0.5250429095172137, 0.5060001364304921, 28.264355172916037, 204821110989.42194, -69.15642516568846, 142.51288756011263, 61.18457218621421, 36599069087.563446, 0.0, 9.367041246182106e+71, 0.12335607752997148, -0.7606683524334333, 0.6373122749034619, 5644620131.496982, 14.930676241661342
0.2708708016993446, 0.4906698899046132, 0.5255961116582215, 0.5061860015115439, 29.96171340416467, 226357517324.05362, -66.59215500258885, 151.05510284748587, 56.78225290930354, 37880243051.79219, 0.0, 1.1696473820062182e+72, 0.15374116660711223, -0.771329178374359, 0.6175880117672464, 6448120234.936917, 13.296022214300981
0.2776777335915545, 0.49041815023057184, 0.5261336279153506, 0.506339896294125, 30.901476079567033, 267822955111.01108, -75.5274906250269, 184.1290251704788, 113.47693326604701, 47189759953.33859, 0.0, 1.3238397867496746e+72, 0.07935778102918534, -0.7434379095989615, 0.6640801285697762, 6466094944.350898, 28.223115621242734
0.28467343030936776, 0.4902559764696751, 0.5269853139908577, 0.506646429579746, 31.661740442010732, 288888863360.9949, -94.16409866135209, 161.52449139801072, 104.89162511486546, 48733932362.76293, 0.0, 1.6887992687393432e+72, 0.17372921237920802, -0.777779666507857, 0.6040504541286487, 7849381517.806322, 33.77370034401303
0.29425636306965547, 0.48976609719582814, 0.5280382903871103, 0.5073196509781503, 35.84520683597966, 308481821903.6414, -87.45824141264538, 171.06542892336077, 99.36542736444498, 48104191926.31861, 0.0, 5.008345383275949e+71, 0.44351199589504897, -0.8154502223786643, 0.3719382264836152, 8878842093.17665, 18.793601266247187
0.30418276042549347, 0.489205145312638, 0.5288896102630244, 0.5079362914464464, 36.93366917918807, 346677604115.69684, -78.62444889161596, 171.9728618974536, 90.10845866718148, 54595295967.37778, 0.0, 1.1083212046081696e+72, 0.2962949693993515, -0.8070533720094479, 0.5107584026100961, 11748974064.22167, 33.12845965629855
0.3118278776983151, 0.48871185078247603, 0.5294766205265629, 0.508251206393467, 40.623700168414125, 379631855289.9736, -86.98057838181244, 162.45758779296534, 88.59285249794917, 58407004590.82994, 0.0, 1.914091114699949e+72, 0.3883549268367103, -0.8161785390615087, 0.4278236122247984, 12025182004.391176, 16.898267992651977
0.32233136303108595, 0.48832435224302356, 0.5304934183587613, 0.5088094329317653, 45.82271149663898, 406731958732.8545, -81.21713522492665, 164.56758345265143, 84.22823614012603, 60286064618.686905, 0.0, 1.900294046437656e+72, 0.3826715200875612, -0.8159731594887756, 0.433301639401215, 12889653139.532974, 6.682289383932187
0.3333333424447892, 0.4879134554710742, 0.5314141032247517, 0.5092746823190794, 45.30844282152446, 408720951172.8701, -65.63322355871531, 166.32125553402196, 94.94464499078487, 61714860983.8011, 0.0, 2.0670821589019917e+72, 0.2462793354134164, -0.7973131370091161, 0.5510338015956991, 15914459539.875082, 12.160273481921351
