Metadata recorded on file /project/projectdirs/agora/paper_CGM/ThinTimeSteps/ART-I/Cosmo_v17 with quasarscan version 3.0.3 on date 2022-01-12 13:21:04.308099
a, center_x, center_y, center_z, Rvir, Mvir, bulk_velocity_x, bulk_velocity_y, bulk_velocity_z, Mgas, Mdm, Lmag, L_x, L_y, L_z, Mstar, sfr
0.11121878027915955, 0.49839198589324946, 0.5115819573402405, 0.5004378855228424, 5.234212353097793, 2086347394.2185674, -11.79421705838327, 83.84903754008056, 21.15953829454885, 218102948.04704264, 1863637145.6137729, 8.433738129662105e+64, 0.3260432984937179, -0.8113054031930013, 0.48526210469928327, 0.0, 0.0
0.11356655508279802, 0.49816307425498957, 0.5118290781974791, 0.5006009638309478, 5.461213535043405, 3595746218.1421247, -31.98689197137312, 106.04246464096352, 41.625441360545686, 331867171.1067597, 3249960153.7516704, 1.1217256640218339e+66, 0.7221529185194323, -0.6910330802046513, -0.031119838314781136, 0.0, 0.0
0.11661855131387709, 0.4978290498256683, 0.5120720565319061, 0.5008001327514647, 5.957584463267778, 7008716306.7745, -59.30060724810524, 105.70893982455561, 46.97116839636644, 502220299.3054539, 6439657637.63913, 5.306765251470037e+66, 0.037215323058793465, 0.6877642410808517, -0.724979564139645, 109824.93756986118, 0.0008806127226083442
0.1195100098848343, 0.4974688589572906, 0.5123518109321594, 0.5009627342224121, 6.203928273644241, 9723537222.468426, -54.347461850845896, 98.29847044915365, 33.51288606010956, 1141813703.1584225, 8484927596.628679, 1.126994246685774e+66, -0.036301128001879346, -0.688257017413178, 0.7245581454150574, 0.0, 0.0
0.1215471625328064, 0.49721997976303095, 0.5125563442707062, 0.5010462701320648, 6.488364677555155, 11697433498.023836, -48.43673197983923, 97.88727090207291, 36.64461520678854, 1601447850.4182007, 9980230292.792042, 4.8350681621219684e+67, -0.7808916542656404, 0.5969795246828896, 0.183912129582751, 0.0, 0.0
0.12510089576244354, 0.49682146310806274, 0.512881338596344, 0.5011421144008636, 5.266197824672012, 8713532060.35565, -52.30682372970099, 97.9202027873363, 33.8746933598809, 1401622793.4990838, 7189843397.070241, 3.2466048155692617e+67, -0.08385883961669596, 0.7452968709059986, -0.6614380312893027, 16836.48150035304, 8.625714723988727e-05
0.12874040007591248, 0.496476799249649, 0.5132321715354919, 0.501177579164505, 6.498919774770628, 12969840929.276663, -68.53747861468165, 100.01543934244474, 43.21488432166158, 1664459445.2716398, 11100158507.978802, 3.6956442147342106e+67, -0.07389741134416115, 0.7411534908357955, -0.6672560794916343, 39341.01687742415, 0.00018029521637289228
0.1318119317293167, 0.496217280626297, 0.5134969055652618, 0.5011728405952453, 6.706582447308278, 13853021869.170193, -70.31612207748648, 113.87714835411518, 47.086960410533145, 1652589180.3780441, 11961295164.262714, 3.069655203660918e+67, 0.8108176737799604, -0.48866161410816206, -0.3221560596717988, 500846.6768867223, 0.010203565049349137
0.13511890172958374, 0.49601104855537426, 0.5138041973114014, 0.5011691749095918, 7.103674238782354, 14929567495.923746, -66.60197385154899, 119.33740813456691, 44.560477013176126, 1769643093.8538163, 12890579325.72017, 4.0937571201613774e+67, -0.09261609407287613, -0.6562349725282097, 0.7488510666010858, 66012.84865550851, 0.00023558959641725358
0.13861198723316193, 0.4958871901035309, 0.5140843391418456, 0.5012290179729461, 7.450699419151964, 16439304290.507341, -65.16080789526711, 115.5345348383828, 38.62647665831056, 2005766446.7282586, 14124556051.631256, 2.851646415543557e+67, -0.5241635384075768, -0.2800800505078514, 0.8042435889154282, 322815.31640561647, 0.001073205855390432
0.14302238821983337, 0.4957752823829651, 0.5144949853420258, 0.5014405250549316, 8.01654759641731, 18805039169.76735, -58.076035046913844, 119.02364510590947, 38.78636046645653, 2181094090.3342934, 16247547958.669973, 3.626581158020047e+67, -0.7919452709082779, 0.5680685851871605, 0.22387668572111769, 2810950.3550431146, 0.004845666306027665
0.14678414165973663, 0.4956852495670318, 0.5147322714328766, 0.5016376972198486, 8.423937682716291, 19503606118.462658, -48.04283472746558, 122.54626673467317, 51.79976074307113, 1958918732.5949337, 17139097551.14704, 8.120334267908149e+67, 0.5142288606454473, 0.29213643145126034, -0.8063652920967074, 2201127.515855014, 0.00964506725068179
0.15190264582633972, 0.49544030427932734, 0.5151591598987579, 0.5019734799861907, 8.520558832129902, 19528130558.196056, -61.969757184755046, 105.60043820087974, 38.0212834684163, 2263292819.983477, 16836094594.259697, 1.1303702915216514e+67, 0.6175530938841185, -0.7713466845164759, 0.15379359063235779, 482570.6091438325, 0.0007382997064749304
0.15567339956760406, 0.495250403881073, 0.5155338644981384, 0.5022578537464142, 8.862261033249476, 20326359690.425217, -59.74760258557811, 98.16166597003118, 26.693549747238688, 2435994341.515447, 17414221983.190655, 3.43079132423602e+67, 0.7812415898898575, -0.1850820305480981, -0.5961595593417593, 128958.96407685732, 0.0004267750822809902
0.16083459556102753, 0.4949236810207367, 0.5160943269729614, 0.5025418698787689, 10.977523661966266, 27021999216.593422, -67.76314617813682, 102.52513520405122, 34.517679551251355, 2762287529.9211564, 23733917483.623463, 7.018283470056115e+67, 0.7283016838078543, -0.683810806588251, -0.044490877219603236, 961545.1183703622, 0.0006643751082679322
0.1666961908340454, 0.4946009814739228, 0.5167867839336395, 0.5027426779270172, 10.564662897554017, 26945214878.461826, -72.87928767375631, 93.71163022028969, 13.269456147604414, 2710446667.279792, 23704067749.952408, 7.295518640037169e+68, -0.1461708556853405, -0.6225980926687485, 0.7687689483540888, 16997204.35005233, 0.006768599357535228
0.17194634675979614, 0.4943169951438903, 0.5174023509025573, 0.5028742849826812, 11.50297647656079, 30655422191.50298, -58.98574670734234, 81.21211589833227, 0.142010964785921, 3591270685.843056, 26489667424.236397, 8.609293060279845e+68, 0.24637757723501616, 0.5509577585640768, -0.7973353357990929, 7251442.342364125, 0.0037052156370926516
0.17920024693012238, 0.4939582645893097, 0.5179353952407837, 0.5030054748058319, 15.525003645044093, 48705245347.01563, -58.4009302151909, 102.75339553786651, 20.21706350841465, 5125489670.306533, 42801702071.6863, 9.688376588767334e+69, 0.4811354813516257, 0.33073033077061226, -0.8118658121222379, 64961421.70207072, 0.17494056306274897
0.1851356327533722, 0.49367019534111023, 0.5183508992195129, 0.5031644999980927, 17.16644547411691, 58660114012.49092, -55.67030027183497, 101.71676693480683, 21.343158341947714, 6062827431.1163645, 51706778749.79817, 9.546923175551557e+68, 0.6599624868546975, -0.74631901130149, 0.08635652444679254, 318736917.1852243, 0.16281698695903782
0.1930363029241562, 0.4931851923465728, 0.5188237726688385, 0.503334254026413, 16.123387649013903, 61423400567.42741, -55.410355600294174, 97.21793666085212, 2.1055981151655025, 6587477618.714992, 53815127391.26241, 7.629520676830493e+69, 0.03998903091624079, 0.6862636937364949, -0.7262527246527357, 72092824.06676535, 0.7787713824973237
0.20001344382762906, 0.49296125769615173, 0.5192945897579194, 0.5032260715961456, 21.255511837082594, 117582759466.13223, -67.19981499446723, 139.31869257110105, 62.80672432165417, 12509071899.909283, 102857676610.28815, 3.7682720094144625e+69, 0.553503443201257, -0.7965838615970553, 0.24308041839579855, 134248621.1319973, 0.2952558904031987
0.20445780456066132, 0.49306768178939825, 0.5198357701301575, 0.5031463503837587, 21.516288184870202, 124316725382.46614, -70.3324161211436, 135.82650495716442, 74.30279796056294, 13061694788.456486, 108567142178.03056, 2.7003054156212847e+70, -0.43237144904802566, 0.8160116972328336, -0.3836402481848078, 710469732.4586636, 2.5038727779964947
0.20798048377037048, 0.49288851022720337, 0.520202100276947, 0.5033265054225922, 21.57383531059123, 127194582077.3811, -64.48381900298688, 142.15246415643588, 70.20982320458369, 13081276151.379015, 111112254375.3798, 1.6938658114891866e+70, 0.2984466727165225, -0.8074005067754124, 0.5089538340588898, 774518800.0002351, 2.3581963247234015
0.21304281055927277, 0.49251317977905273, 0.5206320881843567, 0.5037558972835541, 21.618595790975935, 125294008283.40839, -61.289154971874844, 139.1932976991563, 69.07042300621576, 12520624055.166374, 109568516262.31624, 4.870410520684227e+69, 0.052554085910015494, 0.6793634824122802, -0.7319175683222957, 1799156379.2104995, 3.515146029069472
0.21667848527431488, 0.4923319816589355, 0.5209493339061737, 0.503905713558197, 21.822599548967155, 122699568296.59045, -63.27150960679044, 132.46558485643104, 65.97003140340361, 12429058663.493591, 106887953858.40306, 3.5985429592420566e+70, 0.5189203658434914, -0.805391717488712, 0.2864713516452206, 1282709264.1717925, 4.039786179156997
0.22222821414470673, 0.4921659827232361, 0.5214392840862274, 0.5040107369422913, 21.751958844074288, 120760586252.04085, -60.826492716278814, 122.53529261779596, 61.7853754404418, 12696559569.718494, 104303699085.76817, 7.138202389534431e+69, 0.4222531723505565, -0.816334561857951, 0.3940813895073942, 1734597299.4568534, 2.952449988205934
0.22767321765422824, 0.4919494688510895, 0.5219451189041138, 0.5042407512664795, 22.442963576925877, 122633883677.83815, -57.144009101209015, 126.39603225856942, 60.11943877080411, 12776318648.774529, 105746342346.1156, 2.6110446445360242e+70, 0.5271724139140881, -0.803555589890924, 0.27638317597683576, 1886434884.94321, 2.245977345044114
0.23164093494415283, 0.49175530672073364, 0.5223289728164673, 0.5044345855712891, 23.334794364119976, 125406777128.84274, -62.30742310353191, 128.1260787964631, 59.75244692098855, 12657444246.34556, 108291736144.72589, 6.635831068311784e+70, 0.3891992315400962, -0.816204770692728, 0.4270055391526317, 2259375430.079321, 4.110266760164959
0.23747608065605164, 0.4914680570363999, 0.5228731036186218, 0.5047018527984619, 24.29577393468374, 125545321436.22372, -60.40756405545546, 134.73866904398417, 62.66307164495991, 12092128186.200775, 108418175110.93633, 1.8227670285059645e+70, -0.11906465461993083, 0.7590805429571625, -0.6400158883372317, 2623834470.478498, 4.790871855272021
0.24529266357421878, 0.4911268800497055, 0.5236084163188934, 0.5050247013568878, 25.0655938030112, 126749096133.54607, -76.03185008905636, 130.4180092856042, 64.42625261006468, 11172297871.493763, 110071737715.8085, 3.8242853338025824e+70, 0.4256125226347676, -0.8162468014142124, 0.39063427877944484, 3027241529.8014727, 3.605566051291215
0.2501293420791626, 0.4908876419067383, 0.5240421295166016, 0.5052474141120911, 25.616657286367694, 128330359788.71008, -63.618768556933695, 136.0940601813805, 56.103971829155554, 11336814279.739374, 111213349228.09593, 1.1646626856022338e+70, 0.77297472181565, -0.15870992660953023, -0.6142647952061198, 3247180957.370757, 3.734912213054892
0.2557412385940552, 0.49063178896904, 0.5245258212089539, 0.5054899454116821, 26.479114624436495, 132111518089.46703, -56.31184509207787, 143.26767808249306, 53.77917959326043, 11984522603.881193, 114144818355.60265, 4.60948526360418e+70, 0.7320701178312327, -0.6791724200431635, -0.052897697788069256, 3500082769.9043317, 2.8979346278789633
0.262135773897171, 0.49037823081016546, 0.5250713229179382, 0.505727767944336, 28.17175453157403, 139835414674.1128, -73.34589683174994, 135.7597008142496, 65.01079854783427, 12992154535.938606, 120252186505.20547, 2.9008051997164e+70, 0.7439418802390294, -0.6633690511631748, -0.08057282907585465, 3998715175.3940964, 4.832645682905992
0.2708856165409088, 0.4900154769420624, 0.5258472561836243, 0.506084144115448, 30.02925649828016, 151680525236.94894, -48.553607093043546, 120.58218044631705, 60.9833570167804, 13347513076.828968, 131028785164.24045, 6.151928439453079e+70, 0.667247044815969, -0.7411600678714158, 0.0739130230554465, 4492038589.616954, 4.135998302756099
0.27775898575782776, 0.48970714211463934, 0.5264253020286561, 0.5063443779945374, 30.84390421470561, 158045973877.74518, -57.431710466293346, 130.691316024117, 74.14381687498515, 13024676710.412264, 137379456803.3885, 6.64942219322143e+70, 0.7386659188010523, -0.6706293173296386, -0.06803660147141358, 4724050763.840736, 2.3656270762970606
0.2849242091178894, 0.48940175771713257, 0.5270294547080994, 0.5066061615943909, 31.720390228208505, 164005286757.15497, -62.06440554527566, 142.32546629235097, 79.51052704654431, 12696496272.303984, 143256756722.71536, 1.2837793772429472e+71, 0.6705488224524864, -0.7387260285618142, 0.06817720610932798, 5008964263.938544, 3.4358597880811543
0.29453057050704956, 0.4889777600765228, 0.5278355777263641, 0.506909191608429, 35.63305618994416, 179169778308.59076, -65.03134052887616, 130.1404286674915, 66.81290515811963, 12477643399.480383, 157973238625.0689, 1.9072989930767862e+71, 0.7699146849531591, -0.14953530990505384, -0.620379375048105, 5990256917.116066, 6.711072163428498
0.30188390612602234, 0.4886616766452789, 0.52840656042099, 0.5071170330047607, 36.69382071827896, 181668238925.6976, -66.13886686243721, 141.05986658891797, 70.7354404722973, 11271077211.738216, 160937091897.5961, 7.90398879184395e+70, 0.8101967236319363, -0.3174288017505906, -0.4927679218813457, 6620555984.991812, 4.686993676809328
0.3121446669101715, 0.4882291257381439, 0.5291914939880371, 0.5073977708816528, 40.45410736577478, 203522450939.165, -63.88543860839629, 166.0465925773265, 74.41146053656756, 13053866709.872604, 180604405570.42953, 1.4029950614561282e+71, 0.5299659176998577, 0.2729316203886438, -0.8028975380885016, 7250038489.844872, 3.8148534350871848
0.32262223958969116, 0.4878807067871095, 0.5300241112709047, 0.5076332390308381, 45.71990317202229, 254068643949.8058, -91.98718501525506, 174.51487549281316, 115.58145826506419, 17324511354.7713, 225408292608.16507, 2.0187862649757488e+71, 0.808322273313892, -0.5039675835854711, -0.3043546897284204, 8662451556.820322, 10.186493445192411
0.33344459533691406, 0.48763319849967957, 0.5310696363449096, 0.5079247951507568, 45.10675213170253, 254647715854.53467, -81.18079959876808, 157.52828775384248, 102.46790207431133, 15275020797.168137, 227174214116.19528, 8.272941334877059e+70, 0.7922625160278467, -0.2251339502195624, -0.5671285658082844, 8939651483.316967, 2.8045431197649937
