a, center_x, center_y, center_z, L_x, L_y, L_z, bulk_velocity_x, bulk_velocity_y, bulk_velocity_z, Rvir, Mvir, Lmag, sfr, Mstar, Mgas, compaction_stage
0.15, 0.0253196, -0.29214, -4.38873, -0.760201, 0.395732, 0.515258, -28.0323, 36.3427, -0.760201, 11.0, 10689600000.0, 23.6377, 0.0533262, 9616600.0, 1230380000.0, pre
0.16, -0.0268009, 0.115706, -1.05173, 0.224966, -0.964749, 0.136562, 6.41141, 11.1083, 0.224966, 13.0, 15114700000.0, 31.5143, 0.676998, 45859300.0, 1584050000.0, pre
0.17, 0.104257, 0.185753, -13.1897, -0.476817, -0.602675, 0.639866, -24.819, 29.3036, -0.476817, 15.25, 19579100000.0, 16.544, 0.0115853, 55070000.0, 1748500000.0, pre
0.18, 0.284562, 0.0848143, 19.7183, -0.282399, 0.742735, 0.60712, -1.05519, -3.58866, -0.282399, 16.75, 22002900000.0, 32.4539, 0.213436, 74013800.0, 1946260000.0, pre
0.19, 0.0436154, 0.170146, -5.48871, 0.764225, 0.358837, 0.535907, -36.4131, 41.2089, 0.764225, 18.25, 24344700000.0, 15.6, 0.118514, 73112400.0, 2290320000.0, pre
0.2, -0.207835, -0.298067, -6.44879, -0.723536, -0.205782, 0.658901, -5.24039, 33.8623, -0.723536, 19.75, 26512100000.0, 20.7251, 0.286409, 122386000.0, 2463160000.0, pre
0.21, -0.35419, 0.00731317, -8.26675, -0.813437, -0.569237, 0.119541, 11.6177, 33.0652, -0.813437, 21.25, 28415700000.0, 36.1328, 0.37256, 151908000.0, 2871190000.0, pre
0.22, 0.196578, 0.132464, -3.01909, 0.678478, -0.658993, -0.324646, -9.92563, 36.5273, 0.678478, 22.0, 27974200000.0, 38.5303, 0.517355, 194047000.0, 2941790000.0, pre
0.23, 0.0811284, 0.0461075, 14.2522, -0.52371, -0.414858, -0.744057, 14.8942, -0.481477, -0.52371, 24.25, 32265300000.0, 26.6814, 0.274801, 253714000.0, 3256510000.0, pre
0.24, 0.0578536, 0.64647, 25.8992, -0.251177, 0.816208, -0.520302, 5.86831, 3.36553, -0.251177, 28.0, 44213300000.0, 25.8887, 0.110175, 285531000.0, 4457740000.0, pre
0.25, 0.370117, 0.116773, 30.5355, 0.787109, 0.572924, -0.228512, -43.9359, 33.9174, 0.787109, 31.0, 53772900000.0, 113.548, 0.622544, 396428000.0, 5337550000.0, pre
0.26, 0.385478, -1.31474, -1.77372, 0.939366, 0.312446, -0.141309, 40.8255, 12.4589, 0.939366, 33.25, 58783000000.0, 124.146, 0.309519, 398615000.0, 5675470000.0, pre
0.27, -0.0759551, 0.653425, -0.161988, 0.764527, -0.167358, -0.622487, -18.1911, -0.54606, 0.764527, 35.0, 62636800000.0, 149.427, 0.0968935, 476561000.0, 5726060000.0, pre
0.28, -0.204835, 0.23586, -15.7938, 0.788947, 0.145486, -0.59699, -28.6351, -4.8904, 0.788947, 37.0, 65474400000.0, 205.161, 0.132359, 452954000.0, 5801810000.0, pre
0.29, -0.496907, -0.616856, -16.8136, 0.662515, 0.273297, -0.697411, 7.38275, 20.1232, 0.662515, 38.5, 66974400000.0, 237.405, 0.534974, 521888000.0, 5967450000.0, pre
0.3, 0.017072, -0.167934, -24.5528, 0.342628, 0.488414, -0.802532, 12.9946, 22.3261, 0.342628, 40.0, 67784800000.0, 118.117, 0.357386, 559240000.0, 6133270000.0, pre
0.31, 0.335717, 0.141752, -7.74939, 0.646931, 0.156404, -0.746336, -17.0453, -4.44024, 0.646931, 41.5, 69275400000.0, 89.9916, 0.250312, 619038000.0, 6261870000.0, pre
0.32, 0.885233, 0.0630257, 19.2874, 0.713558, 0.170289, -0.679586, -3.35611, 30.6604, 0.713558, 43.0, 70292200000.0, 150.105, 0.616454, 695202000.0, 6162350000.0, pre
0.33, 0.605146, 0.318042, 6.87047, 0.544713, 0.389737, -0.742558, -15.3517, 19.1189, 0.544713, 44.5, 70909300000.0, 241.996, 0.519908, 724798000.0, 5874380000.0, pre
0.34, 0.757183, 1.04532, 47.1114, 0.654413, 0.213323, -0.725422, -28.4981, 16.7602, 0.654413, 46.0, 71808800000.0, 304.011, 0.28547, 782908000.0, 5787790000.0, pre
0.35, 0.095241, 0.995112, 19.7536, 0.591836, 0.463911, -0.659179, -8.87267, 10.8353, 0.591836, 48.0, 75337400000.0, 221.837, 0.295431, 834076000.0, 6004160000.0, pre
0.36, 0.263745, 1.02942, 5.89209, 0.572391, 0.156567, -0.804895, -10.0692, -0.70544, 0.572391, 50.5, 81328400000.0, 203.764, 0.448106, 887318000.0, 6597860000.0, pre
0.37, -0.220006, 0.145528, 17.2477, 0.60832, 0.166086, -0.77612, -20.4551, 2.44332, 0.60832, 57.75, 112283000000.0, 303.082, 0.391932, 986481000.0, 9616300000.0, pre
0.38, 0.922668, 1.34476, 26.7554, 0.537208, 0.235018, -0.810046, -18.7137, 9.95121, 0.537208, 62.5, 131072000000.0, 396.81, 0.321495, 1061240000.0, 10787500000.0, pre
0.39, 2.44486, -0.859659, 24.1187, 0.881097, 0.394255, -0.261211, -51.0467, 96.3506, 0.881097, 65.25, 140356000000.0, 292.845, 0.382972, 1175720000.0, 11105900000.0, pre
0.4, -0.917524, -0.240028, -47.8022, 0.78024, 0.232633, -0.58061, 64.0279, -17.9799, 0.78024, 67.5, 144765000000.0, 59.4083, 1.63173, 1429070000.0, 10695000000.0, pre
0.41, 0.130721, 1.03276, 1.686, -0.991259, 0.0223176, -0.130027, 43.4407, 9.86905, -0.991259, 69.75, 148161000000.0, 136.766, 0.00389282, 1300220000.0, 9773980000.0, pre
0.42, 1.11009, 0.461645, -10.304, -0.956156, -0.217546, -0.19606, 53.7481, -16.5613, -0.956156, 71.75, 151265000000.0, 116.619, 0.258158, 1681310000.0, 9015660000.0, pre
0.43, 0.0259407, -0.0610146, 9.07854, -0.396425, -0.904706, 0.156055, -11.793, -18.8727, -0.396425, 73.75, 153170000000.0, 127.403, 1.90547, 1902890000.0, 8314800000.0, during
0.44, 0.606297, -0.115059, 2.98622, 0.505397, -0.844233, -0.178447, -1.09929, 2.8429, 0.505397, 75.0, 152012000000.0, 122.631, 1.35541, 2113030000.0, 7701920000.0, during
0.45, 0.0575874, -0.0311978, 4.1106, 0.682959, -0.608906, -0.403486, 9.48801, -0.515609, 0.682959, 76.25, 149663000000.0, 126.116, 1.38939, 2342120000.0, 6914520000.0, during
0.46, -0.23165, -0.270231, 8.12855, 0.750251, -0.56425, -0.344596, 15.5409, 1.19989, 0.750251, 77.25, 146820000000.0, 166.156, 0.668764, 2429190000.0, 6068500000.0, during
0.47, -0.902214, -0.285544, -19.842, 0.934384, -0.111255, -0.338452, 20.2384, -25.7393, 0.934384, 78.5, 144977000000.0, 226.682, 0.716509, 2534250000.0, 5474870000.0, during
0.48, 0.688773, 0.200887, -2.91829, 0.964993, -0.159921, -0.207879, -15.8155, 9.69061, 0.964993, 79.75, 143717000000.0, 216.033, 0.517482, 2568630000.0, 5116460000.0, during
0.49, 0.0406, 0.140603, -4.22175, 0.987948, -0.154766, 0.00254407, 9.32233, -7.05803, 0.987948, 81.25, 144051000000.0, 153.589, 0.643403, 2649570000.0, 4839640000.0, post
0.5, 0.0987004, -0.30038, 2.13077, 0.531677, -0.598599, 0.599164, -11.4436, -6.66588, 0.531677, 83.0, 145999000000.0, 104.257, 0.45809, 2707210000.0, 4728980000.0, post
