a, center_x, center_y, center_z, L_x, L_y, L_z, bulk_velocity_x, bulk_velocity_y, bulk_velocity_z, Rvir, Mvir, Lmag, sfr, Mstar, Mgas, compaction_stage
0.11, -0.121271, 0.237245, -26.6277, 0.728945, -0.509691, -0.457006, -31.0829, 14.1727, 0.728945, 6.0, 4518890000.0, 20.3199, 0.110467, 13685100.0, 277953000.0, pre
0.12, -0.232461, 0.20391, -2.7215, 0.950101, -0.16385, -0.265445, -23.612, -22.9453, 0.950101, 7.25, 5911240000.0, 36.8236, 0.0407235, 18436100.0, 336143000.0, pre
0.13, -0.145252, 0.58383, 7.92794, 0.962613, 0.172179, -0.209119, -50.5149, -16.143, 0.962613, 8.25, 7096540000.0, 51.7452, 0.0392963, 22887700.0, 436666000.0, pre
0.14, 0.0197062, 0.127175, -5.85378, 0.854779, 0.0371876, -0.517658, -44.6007, -12.4882, 0.854779, 9.5, 8660970000.0, 29.8893, 0.0665656, 31261300.0, 552215000.0, pre
0.15, -0.260254, 0.139244, -11.4225, 0.875115, -0.032875, -0.482796, -26.1397, -9.50745, 0.875115, 12.25, 14906100000.0, 47.0296, 0.135479, 48279500.0, 1012280000.0, pre
0.16, 0.144819, -0.209877, -2.66781, -0.273606, -0.943084, 0.18903, -10.1167, -31.0354, -0.273606, 14.5, 20348800000.0, 51.9531, 0.362595, 87297700.0, 1625130000.0, pre
0.17, -0.0907837, 0.0504295, -20.0536, 0.40356, -0.847796, 0.344066, -17.5902, -19.109, 0.40356, 16.5, 25127300000.0, 38.9494, 0.397281, 122407000.0, 2121380000.0, pre
0.18, 0.125915, 0.202865, -0.478369, 0.067044, -0.9967, -0.0457521, 2.00601, 35.3591, 0.067044, 18.25, 28107700000.0, 34.21, 0.827851, 233663000.0, 2408290000.0, pre
0.19, -0.0512034, -0.552261, -33.3481, -0.0504171, -0.903588, 0.425425, -6.35152, -27.9037, -0.0504171, 19.75, 30924900000.0, 45.8468, 0.519601, 268778000.0, 2698890000.0, pre
0.2, 0.195184, 0.0831821, -21.5713, -0.133639, -0.0691231, 0.988617, -0.975762, -23.626, -0.133639, 21.25, 33506700000.0, 93.5402, 0.362331, 307188000.0, 3033890000.0, pre
0.21, 0.186383, -0.0867661, -1.20612, 0.587248, -0.794469, -0.154785, -0.107345, 3.67019, 0.587248, 24.25, 42705700000.0, 35.8182, 2.16429, 502420000.0, 3755670000.0, pre
0.22, 0.0957962, 0.0157227, -7.64728, 0.175516, -0.980279, -0.0908144, -3.10576, 9.53064, 0.175516, 26.75, 49882000000.0, 14.6558, 1.6762, 701182000.0, 3848700000.0, pre
0.23, 0.280837, -0.490076, -4.73226, -0.40227, -0.911989, -0.0803395, 2.29326, -1.50605, -0.40227, 30.25, 63100200000.0, 27.0585, 1.60063, 835190000.0, 4469970000.0, pre
0.24, 0.317675, 0.1876, -0.136227, -0.590221, -0.805155, -0.057999, 10.6911, 19.0134, -0.590221, 32.75, 71728300000.0, 85.1505, 1.3316, 985774000.0, 4876340000.0, pre
0.25, 0.117059, 0.0850405, -8.57843, -0.399748, -0.556922, -0.728039, 2.68282, -13.2575, -0.399748, 35.25, 77985100000.0, 78.4961, 1.18903, 1115330000.0, 5500050000.0, pre
0.26, -0.158642, -0.233273, -8.58236, -0.309286, -0.87937, -0.362009, 16.6199, 2.49618, -0.309286, 37.25, 82314300000.0, 104.738, 1.91278, 1313000000.0, 5928090000.0, pre
0.27, 0.21658, -0.175533, -0.706036, -0.501897, -0.566468, -0.653616, 20.6812, -10.8869, -0.501897, 39.0, 85270400000.0, 66.94, 2.35969, 1528780000.0, 6203720000.0, pre
0.28, 0.155643, -0.113374, -6.52978, -0.829775, 0.283437, 0.480767, 3.66342, 23.6881, -0.829775, 40.5, 85177700000.0, 53.3556, 3.90894, 1918710000.0, 6169930000.0, pre
0.29, -0.0975814, -0.0269262, 4.69492, -0.615085, 0.474701, 0.629547, 7.85064, -25.4024, -0.615085, 42.25, 88284100000.0, 71.6842, 2.87562, 2152370000.0, 6219870000.0, pre
0.3, 0.791268, -0.163578, -19.5791, -0.586457, -0.143087, 0.797242, 1.81996, -7.90762, -0.586457, 46.5, 107035000000.0, 193.549, 1.70153, 2481010000.0, 8482360000.0, pre
0.31, -0.385521, 0.23527, 5.25579, -0.793974, -0.0852689, 0.601942, 17.8666, -2.78678, -0.793974, 55.25, 164214000000.0, 264.507, 1.21885, 2613200000.0, 15227800000.0, during
0.32, -0.362619, 0.130842, 13.504, -0.863189, -0.0193713, 0.50451, 5.82285, 21.4391, -0.863189, 61.5, 205753000000.0, 181.762, 2.55253, 2891280000.0, 18289100000.0, during
0.33, 0.0702812, -0.0854558, 1.16938, -0.82118, -0.165494, 0.546147, 1.83817, 16.0079, -0.82118, 70.5, 282545000000.0, 70.1978, 5.64354, 3460210000.0, 26966900000.0, during
0.34, 0.919572, 0.100742, -14.9236, -0.452643, 0.388514, -0.802603, -42.0211, -7.79525, -0.452643, 75.75, 322239000000.0, 123.079, 2.49638, 3897500000.0, 30599500000.0, during
0.35, 0.095632, 0.00864374, -27.1878, -0.531469, -0.190603, -0.825355, 22.7215, -18.5837, -0.531469, 79.25, 344120000000.0, 222.524, 3.04992, 4232360000.0, 33166400000.0, during
0.36, -0.819811, 0.970143, -35.03, 0.969009, -0.241468, -0.0521028, -60.6929, -39.7349, 0.969009, 82.75, 360810000000.0, 369.814, 5.33446, 5885650000.0, 34290200000.0, during
0.37, -1.48861, 0.0593262, -73.9041, 0.215411, -0.0701679, -0.973999, -12.944, 24.0972, 0.215411, 86.75, 382375000000.0, 487.838, 5.38289, 6405080000.0, 36547300000.0, during
0.38, -1.04165, -0.477211, 8.55065, -0.150323, 0.149658, -0.977244, 25.336, 45.5788, -0.150323, 92.0, 420258000000.0, 586.976, 7.09878, 8319950000.0, 39562800000.0, during
0.39, 0.101468, 0.346344, -29.3119, 0.0710808, 0.189657, -0.979274, 5.18913, -5.47509, 0.0710808, 96.75, 455551000000.0, 623.2, 17.5548, 9958680000.0, 42167800000.0, during
0.4, -2.07024, 0.0203516, -83.6981, 0.120218, 0.042135, -0.991853, -7.46965, -11.3763, 0.120218, 103.75, 523073000000.0, 910.842, 16.3067, 12420400000.0, 46393900000.0, post
0.41, -0.384807, -0.197836, 10.2116, -0.065527, 0.0901757, -0.993768, -29.5873, -11.5725, -0.065527, 107.75, 549193000000.0, 829.511, 13.6005, 15000500000.0, 46114200000.0, post
0.42, 0.556117, 0.116839, 10.9858, -0.126402, -0.0190596, -0.991796, -13.776, 18.2441, -0.126402, 111.25, 566754000000.0, 864.546, 13.0517, 16924000000.0, 46530600000.0, post
0.43, -0.132934, 0.0296625, 2.28164, -0.285605, -0.00941919, -0.958301, -29.6325, -0.942683, -0.285605, 116.0, 598024000000.0, 905.729, 27.5088, 21028900000.0, 44800200000.0, post
0.44, 0.71447, 0.06601, 4.45359, -0.263679, 0.0690999, -0.962132, -17.0613, -3.32499, -0.263679, 120.5, 631266000000.0, 936.117, 14.0045, 22851200000.0, 46053800000.0, post
0.45, 0.148445, 0.214592, 26.7786, -0.280679, 0.14364, -0.948993, -16.9249, -11.8209, -0.280679, 126.75, 686900000000.0, 877.347, 25.0635, 27108400000.0, 47509300000.0, post
0.46, 0.811486, 0.26295, 27.9411, -0.291599, 0.274622, -0.916271, -13.5871, -16.1953, -0.291599, 131.5, 720989000000.0, 946.514, 18.6634, 29279600000.0, 47987700000.0, post
0.47, 0.567009, 0.382026, 45.6398, -0.19209, 0.362973, -0.911785, 33.9205, -2.39742, -0.19209, 137.25, 778258000000.0, 944.132, 9.77885, 30359600000.0, 49701700000.0, post
0.48, 0.894193, 0.525941, 17.2948, -0.0805431, 0.510602, -0.856036, 61.7733, 36.0277, -0.0805431, 153.25, 1025880000000.0, 899.341, 12.2181, 32391100000.0, 61213300000.0, post
0.49, 0.674582, 0.669667, 11.1116, 0.0206511, 0.632528, -0.774262, 42.8061, 44.6114, 0.0206511, 161.75, 1140770000000.0, 693.487, 20.1884, 34748700000.0, 64668900000.0, post
0.5, 0.133807, 0.0430394, -19.0305, 0.114411, 0.597611, -0.793581, -1.22631, -4.92938, 0.114411, 167.25, 1195690000000.0, 627.152, 12.2408, 36624500000.0, 66814900000.0, post
0.51, -0.240342, -0.211156, -17.0024, 0.194803, 0.618263, -0.761447, -33.9615, -28.3999, 0.194803, 172.0, 1237100000000.0, 652.209, 15.0497, 37759400000.0, 68030200000.0, post
0.52, 0.170583, -0.299974, -9.49131, 0.396952, 0.634206, -0.663485, 8.03905, 6.93949, 0.396952, 177.5, 1283320000000.0, 563.707, 16.8667, 41893900000.0, 69211800000.0, post
0.53, -0.109357, -0.0699543, 18.9088, 0.251099, 0.290095, -0.923469, -8.69221, 3.48462, 0.251099, 181.75, 1308470000000.0, 263.952, 19.6732, 43682400000.0, 67955700000.0, post
0.54, 0.0102088, -0.00707227, -3.85605, -0.0179996, 0.215663, -0.976302, 3.71029, -0.304977, -0.0179996, 186.0, 1339160000000.0, 72.1565, 27.37, 46525500000.0, 67464200000.0, post
0.55, -0.755966, 1.68536, -11.8606, -0.748583, -0.660948, -0.0526405, 32.2788, -57.324, -0.748583, 190.75, 1371850000000.0, 404.472, 20.0617, 68082000000.0, 68124500000.0, post
0.56, 0.00605353, 0.0569155, -2.50947, -0.970943, 0.00311518, 0.239291, 14.8682, 2.0981, -0.970943, 194.0, 1379860000000.0, 160.11, 35.7363, 71088500000.0, 64986000000.0, post
0.57, -0.503127, -0.651164, -20.5946, -0.762564, 0.146809, 0.630035, -12.6337, -5.6382, -0.762564, 196.5, 1367950000000.0, 989.828, 13.7444, 75034400000.0, 63334600000.0, post
